bgBasic,0,0,0,0,128,128,0,1,1,4294967295
bgBasic,1008,672,64,32,16,16,0,1,1,4294967295
bgBasic,1008,688,64,32,16,16,0,1,1,4294967295
bgBasic,1008,880,64,32,16,16,0,1,1,4294967295
bgBasic,1008,864,64,32,16,16,0,1,1,4294967295
bgBasic,976,848,64,32,16,16,0,1,1,4294967295
bgBasic,976,864,64,32,16,16,0,1,1,4294967295
bgBasic,976,880,64,32,16,16,0,1,1,4294967295
bgBasic,992,880,64,32,16,16,0,1,1,4294967295
bgBasic,992,864,64,32,16,16,0,1,1,4294967295
bgBasic,768,848,64,32,16,16,0,1,1,4294967295
bgBasic,784,848,64,32,16,16,0,1,1,4294967295
bgBasic,800,848,64,32,16,16,0,1,1,4294967295
bgBasic,800,864,64,32,16,16,0,1,1,4294967295
bgBasic,800,880,64,32,16,16,0,1,1,4294967295
bgBasic,784,880,64,32,16,16,0,1,1,4294967295
bgBasic,768,880,64,32,16,16,0,1,1,4294967295
bgBasic,768,864,64,32,16,16,0,1,1,4294967295
bgBasic,784,864,64,32,16,16,0,1,1,4294967295
bgBasic,880,848,64,32,16,16,0,1,1,4294967295
bgBasic,880,864,64,32,16,16,0,1,1,4294967295
bgBasic,880,880,64,32,16,16,0,1,1,4294967295
bgBasic,896,880,64,32,16,16,0,1,1,4294967295
bgBasic,896,864,64,32,16,16,0,1,1,4294967295
bgBasic,896,848,64,32,16,16,0,1,1,4294967295
bgBasic,864,848,64,32,16,16,0,1,1,4294967295
bgBasic,864,864,64,32,16,16,0,1,1,4294967295
bgBasic,864,880,64,32,16,16,0,1,1,4294967295
bgBasic,912,880,64,32,16,16,0,1,1,4294967295
bgBasic,912,864,64,32,16,16,0,1,1,4294967295
bgBasic,912,848,64,32,16,16,0,1,1,4294967295
bgBasic,816,880,64,32,16,16,0,1,1,4294967295
bgBasic,816,864,64,32,16,16,0,1,1,4294967295
bgBasic,816,848,64,32,16,16,0,1,1,4294967295
bgBasic,960,880,64,32,16,16,0,1,1,4294967295
bgBasic,960,864,64,32,16,16,0,1,1,4294967295
bgBasic,960,848,64,32,16,16,0,1,1,4294967295
bgBasic,864,672,64,32,16,16,0,1,1,4294967295
bgBasic,864,688,64,32,16,16,0,1,1,4294967295
bgBasic,864,704,64,32,16,16,0,1,1,4294967295
bgBasic,880,704,64,32,16,16,0,1,1,4294967295
bgBasic,896,704,64,32,16,16,0,1,1,4294967295
bgBasic,912,704,64,32,16,16,0,1,1,4294967295
bgBasic,912,688,64,32,16,16,0,1,1,4294967295
bgBasic,912,672,64,32,16,16,0,1,1,4294967295
bgBasic,896,672,64,32,16,16,0,1,1,4294967295
bgBasic,880,672,64,32,16,16,0,1,1,4294967295
bgBasic,880,688,64,32,16,16,0,1,1,4294967295
bgBasic,896,688,64,32,16,16,0,1,1,4294967295
bgBasic,960,672,64,32,16,16,0,1,1,4294967295
bgBasic,976,672,64,32,16,16,0,1,1,4294967295
bgBasic,992,672,64,32,16,16,0,1,1,4294967295
bgBasic,976,704,64,32,16,16,0,1,1,4294967295
bgBasic,960,704,64,32,16,16,0,1,1,4294967295
bgBasic,960,688,64,32,16,16,0,1,1,4294967295
bgBasic,976,688,64,32,16,16,0,1,1,4294967295
bgBasic,992,688,64,32,16,16,0,1,1,4294967295
bgBasic,816,672,64,32,16,16,0,1,1,4294967295
bgBasic,800,672,64,32,16,16,0,1,1,4294967295
bgBasic,784,672,64,32,16,16,0,1,1,4294967295
bgBasic,768,672,64,32,16,16,0,1,1,4294967295
bgBasic,768,688,64,32,16,16,0,1,1,4294967295
bgBasic,768,704,64,32,16,16,0,1,1,4294967295
bgBasic,784,704,64,32,16,16,0,1,1,4294967295
bgBasic,800,704,64,32,16,16,0,1,1,4294967295
bgBasic,816,704,64,32,16,16,0,1,1,4294967295
bgBasic,816,688,64,32,16,16,0,1,1,4294967295
bgBasic,800,688,64,32,16,16,0,1,1,4294967295
bgBasic,784,688,64,32,16,16,0,1,1,4294967295
bgBasic,880,832,64,32,16,16,0,1,1,4294967295
bgBasic,896,832,64,32,16,16,0,1,1,4294967295
bgBasic,864,832,64,32,16,16,0,1,1,4294967295
bgBasic,912,832,64,32,16,16,0,1,1,4294967295
bgBasic,832,688,64,32,16,16,0,1,1,4294967295
bgBasic,832,672,64,32,16,16,0,1,1,4294967295
bgBasic,944,672,64,32,16,16,0,1,1,4294967295
bgBasic,944,688,64,32,16,16,0,1,1,4294967295
bgBasic,944,704,64,32,16,16,0,1,1,4294967295
bgBasic,832,704,64,32,16,16,0,1,1,4294967295
bgBasic,848,672,48,0,16,16,0,1,1,4294967295
bgBasic,848,688,48,0,16,16,0,1,1,4294967295
bgBasic,848,704,48,0,16,16,0,1,1,4294967295
bgBasic,848,720,48,0,16,16,0,1,1,4294967295
bgBasic,848,736,48,0,16,16,0,1,1,4294967295
bgBasic,928,672,48,0,16,16,0,1,1,4294967295
bgBasic,928,688,48,0,16,16,0,1,1,4294967295
bgBasic,928,704,48,0,16,16,0,1,1,4294967295
bgBasic,928,720,48,0,16,16,0,1,1,4294967295
bgBasic,928,736,48,0,16,16,0,1,1,4294967295
bgBasic,928,752,48,0,16,16,0,1,1,4294967295
bgBasic,848,752,48,0,16,16,0,1,1,4294967295
bgBasic,1024,672,64,32,16,16,0,1,1,4294967295
bgBasic,1040,672,64,32,16,16,0,1,1,4294967295
bgBasic,1056,672,64,32,16,16,0,1,1,4294967295
bgBasic,1072,672,64,32,16,16,0,1,1,4294967295
bgBasic,1088,672,64,32,16,16,0,1,1,4294967295
bgBasic,1104,672,64,32,16,16,0,1,1,4294967295
bgBasic,1120,672,64,32,16,16,0,1,1,4294967295
bgBasic,1136,672,64,32,16,16,0,1,1,4294967295
bgBasic,1152,672,64,32,16,16,0,1,1,4294967295
bgBasic,1168,672,64,32,16,16,0,1,1,4294967295
bgBasic,1184,672,64,32,16,16,0,1,1,4294967295
bgBasic,1200,672,64,32,16,16,0,1,1,4294967295
bgBasic,1216,672,64,32,16,16,0,1,1,4294967295
bgBasic,1232,672,64,32,16,16,0,1,1,4294967295
bgBasic,1248,672,64,32,16,16,0,1,1,4294967295
bgBasic,1264,672,64,32,16,16,0,1,1,4294967295
bgBasic,1264,688,64,32,16,16,0,1,1,4294967295
bgBasic,1024,688,64,32,16,16,0,1,1,4294967295
bgBasic,1040,688,64,32,16,16,0,1,1,4294967295
bgBasic,1056,688,64,32,16,16,0,1,1,4294967295
bgBasic,1072,688,64,32,16,16,0,1,1,4294967295
bgBasic,1088,688,64,32,16,16,0,1,1,4294967295
bgBasic,1104,688,64,32,16,16,0,1,1,4294967295
bgBasic,1168,688,64,32,16,16,0,1,1,4294967295
bgBasic,1216,688,64,32,16,16,0,1,1,4294967295
bgBasic,1248,688,64,32,16,16,0,1,1,4294967295
bgBasic,1232,688,64,32,16,16,0,1,1,4294967295
bgBasic,1200,688,64,32,16,16,0,1,1,4294967295
bgBasic,1184,688,64,32,16,16,0,1,1,4294967295
bgBasic,880,896,64,32,16,16,0,1,1,4294967295
bgBasic,896,896,64,32,16,16,0,1,1,4294967295
bgBasic,912,896,64,32,16,16,0,1,1,4294967295
bgBasic,960,896,64,32,16,16,0,1,1,4294967295
bgBasic,992,912,64,32,16,16,0,1,1,4294967295
bgBasic,1008,912,64,32,16,16,0,1,1,4294967295
bgBasic,1008,896,64,32,16,16,0,1,1,4294967295
bgBasic,992,896,64,32,16,16,0,1,1,4294967295
bgBasic,976,896,64,32,16,16,0,1,1,4294967295
bgBasic,864,896,64,32,16,16,0,1,1,4294967295
bgBasic,816,896,64,32,16,16,0,1,1,4294967295
bgBasic,800,896,64,32,16,16,0,1,1,4294967295
bgBasic,784,896,64,32,16,16,0,1,1,4294967295
bgBasic,768,896,64,32,16,16,0,1,1,4294967295
bgBasic,768,912,64,32,16,16,0,1,1,4294967295
bgBasic,784,912,64,32,16,16,0,1,1,4294967295
bgBasic,768,928,64,32,16,16,0,1,1,4294967295
bgBasic,768,944,64,32,16,16,0,1,1,4294967295
bgBasic,768,960,64,32,16,16,0,1,1,4294967295
bgBasic,768,1104,64,32,16,16,0,1,1,4294967295
bgBasic,784,1104,64,32,16,16,0,1,1,4294967295
bgBasic,784,1088,64,32,16,16,0,1,1,4294967295
bgBasic,768,1088,64,32,16,16,0,1,1,4294967295
bgBasic,992,1088,64,32,16,16,0,1,1,4294967295
bgBasic,1008,1088,64,32,16,16,0,1,1,4294967295
bgBasic,992,1104,64,32,16,16,0,1,1,4294967295
bgBasic,1008,1104,64,32,16,16,0,1,1,4294967295
bgBasic,784,928,64,32,16,16,0,1,1,4294967295
bgBasic,784,944,64,32,16,16,0,1,1,4294967295
bgBasic,784,960,64,32,16,16,0,1,1,4294967295
bgBasic,784,976,64,32,16,16,0,1,1,4294967295
bgBasic,784,992,64,32,16,16,0,1,1,4294967295
bgBasic,784,1008,64,32,16,16,0,1,1,4294967295
bgBasic,784,1024,64,32,16,16,0,1,1,4294967295
bgBasic,784,1040,64,32,16,16,0,1,1,4294967295
bgBasic,784,1056,64,32,16,16,0,1,1,4294967295
bgBasic,784,1072,64,32,16,16,0,1,1,4294967295
bgBasic,768,1072,64,32,16,16,0,1,1,4294967295
bgBasic,768,1056,64,32,16,16,0,1,1,4294967295
bgBasic,768,1040,64,32,16,16,0,1,1,4294967295
bgBasic,768,1024,64,32,16,16,0,1,1,4294967295
bgBasic,768,1008,64,32,16,16,0,1,1,4294967295
bgBasic,768,992,64,32,16,16,0,1,1,4294967295
bgBasic,768,976,64,32,16,16,0,1,1,4294967295
bgBasic,992,928,64,32,16,16,0,1,1,4294967295
bgBasic,992,944,64,32,16,16,0,1,1,4294967295
bgBasic,992,960,64,32,16,16,0,1,1,4294967295
bgBasic,992,976,64,32,16,16,0,1,1,4294967295
bgBasic,992,992,64,32,16,16,0,1,1,4294967295
bgBasic,992,1008,64,32,16,16,0,1,1,4294967295
bgBasic,992,1024,64,32,16,16,0,1,1,4294967295
bgBasic,992,1040,64,32,16,16,0,1,1,4294967295
bgBasic,992,1056,64,32,16,16,0,1,1,4294967295
bgBasic,992,1072,64,32,16,16,0,1,1,4294967295
bgBasic,1008,1072,64,32,16,16,0,1,1,4294967295
bgBasic,1008,1056,64,32,16,16,0,1,1,4294967295
bgBasic,1008,1040,64,32,16,16,0,1,1,4294967295
bgBasic,1008,1024,64,32,16,16,0,1,1,4294967295
bgBasic,1008,1008,64,32,16,16,0,1,1,4294967295
bgBasic,1008,992,64,32,16,16,0,1,1,4294967295
bgBasic,1008,976,64,32,16,16,0,1,1,4294967295
bgBasic,1008,960,64,32,16,16,0,1,1,4294967295
bgBasic,1008,944,64,32,16,16,0,1,1,4294967295
bgBasic,1008,928,64,32,16,16,0,1,1,4294967295
bgBasic,1264,864,64,32,16,16,0,1,1,4294967295
bgBasic,1264,880,64,32,16,16,0,1,1,4294967295
bgBasic,1216,880,64,32,16,16,0,1,1,4294967295
bgBasic,1152,880,64,32,16,16,0,1,1,4294967295
bgBasic,1136,880,64,32,16,16,0,1,1,4294967295
bgBasic,1120,880,64,32,16,16,0,1,1,4294967295
bgBasic,1104,880,64,32,16,16,0,1,1,4294967295
bgBasic,1088,880,64,32,16,16,0,1,1,4294967295
bgBasic,1072,880,64,32,16,16,0,1,1,4294967295
bgBasic,1056,880,64,32,16,16,0,1,1,4294967295
bgBasic,1040,880,64,32,16,16,0,1,1,4294967295
bgBasic,1024,880,64,32,16,16,0,1,1,4294967295
bgBasic,1024,864,64,32,16,16,0,1,1,4294967295
bgBasic,1040,864,64,32,16,16,0,1,1,4294967295
bgBasic,1056,864,64,32,16,16,0,1,1,4294967295
bgBasic,1072,864,64,32,16,16,0,1,1,4294967295
bgBasic,1088,864,64,32,16,16,0,1,1,4294967295
bgBasic,1104,864,64,32,16,16,0,1,1,4294967295
bgBasic,1120,864,64,32,16,16,0,1,1,4294967295
bgBasic,1136,864,64,32,16,16,0,1,1,4294967295
bgBasic,1152,864,64,32,16,16,0,1,1,4294967295
bgBasic,1168,864,64,32,16,16,0,1,1,4294967295
bgBasic,1184,864,64,32,16,16,0,1,1,4294967295
bgBasic,1200,864,64,32,16,16,0,1,1,4294967295
bgBasic,1216,864,64,32,16,16,0,1,1,4294967295
bgBasic,1232,864,64,32,16,16,0,1,1,4294967295
bgBasic,1248,864,64,32,16,16,0,1,1,4294967295
bgBasic,1248,880,64,32,16,16,0,1,1,4294967295
bgBasic,1232,880,64,32,16,16,0,1,1,4294967295
bgBasic,1200,880,64,32,16,16,0,1,1,4294967295
bgBasic,1168,880,64,32,16,16,0,1,1,4294967295
bgBasic,1184,880,64,32,16,16,0,1,1,4294967295
bgBasic,832,848,64,32,16,16,0,1,1,4294967295
bgBasic,832,864,64,32,16,16,0,1,1,4294967295
bgBasic,832,880,64,32,16,16,0,1,1,4294967295
bgBasic,832,896,64,32,16,16,0,1,1,4294967295
bgBasic,944,848,64,32,16,16,0,1,1,4294967295
bgBasic,944,864,64,32,16,16,0,1,1,4294967295
bgBasic,944,880,64,32,16,16,0,1,1,4294967295
bgBasic,944,896,64,32,16,16,0,1,1,4294967295
bgBasic,832,832,64,32,16,16,0,1,1,4294967295
bgBasic,944,832,64,32,16,16,0,1,1,4294967295
bgBasic,960,832,64,32,16,16,0,1,1,4294967295
bgBasic,768,1120,64,32,16,16,0,1,1,4294967295
bgBasic,768,1136,64,32,16,16,0,1,1,4294967295
bgBasic,768,1152,64,32,16,16,0,1,1,4294967295
bgBasic,768,1168,64,32,16,16,0,1,1,4294967295
bgBasic,768,1184,64,32,16,16,0,1,1,4294967295
bgBasic,768,1200,64,32,16,16,0,1,1,4294967295
bgBasic,768,1216,64,32,16,16,0,1,1,4294967295
bgBasic,768,1232,64,32,16,16,0,1,1,4294967295
bgBasic,768,1248,64,32,16,16,0,1,1,4294967295
bgBasic,768,1264,64,32,16,16,0,1,1,4294967295
bgBasic,768,1280,64,32,16,16,0,1,1,4294967295
bgBasic,768,1296,64,32,16,16,0,1,1,4294967295
bgBasic,768,1312,64,32,16,16,0,1,1,4294967295
bgBasic,768,1328,64,32,16,16,0,1,1,4294967295
bgBasic,784,1328,64,32,16,16,0,1,1,4294967295
bgBasic,784,1312,64,32,16,16,0,1,1,4294967295
bgBasic,784,1296,64,32,16,16,0,1,1,4294967295
bgBasic,784,1280,64,32,16,16,0,1,1,4294967295
bgBasic,784,1264,64,32,16,16,0,1,1,4294967295
bgBasic,784,1248,64,32,16,16,0,1,1,4294967295
bgBasic,784,1232,64,32,16,16,0,1,1,4294967295
bgBasic,784,1216,64,32,16,16,0,1,1,4294967295
bgBasic,784,1200,64,32,16,16,0,1,1,4294967295
bgBasic,784,1184,64,32,16,16,0,1,1,4294967295
bgBasic,784,1168,64,32,16,16,0,1,1,4294967295
bgBasic,784,1152,64,32,16,16,0,1,1,4294967295
bgBasic,784,1136,64,32,16,16,0,1,1,4294967295
bgBasic,784,1120,64,32,16,16,0,1,1,4294967295
bgBasic,992,1120,64,32,16,16,0,1,1,4294967295
bgBasic,992,1136,64,32,16,16,0,1,1,4294967295
bgBasic,992,1152,64,32,16,16,0,1,1,4294967295
bgBasic,992,1168,64,32,16,16,0,1,1,4294967295
bgBasic,992,1184,64,32,16,16,0,1,1,4294967295
bgBasic,992,1200,64,32,16,16,0,1,1,4294967295
bgBasic,992,1216,64,32,16,16,0,1,1,4294967295
bgBasic,992,1232,64,32,16,16,0,1,1,4294967295
bgBasic,992,1248,64,32,16,16,0,1,1,4294967295
bgBasic,992,1264,64,32,16,16,0,1,1,4294967295
bgBasic,992,1280,64,32,16,16,0,1,1,4294967295
bgBasic,992,1296,64,32,16,16,0,1,1,4294967295
bgBasic,992,1312,64,32,16,16,0,1,1,4294967295
bgBasic,992,1328,64,32,16,16,0,1,1,4294967295
bgBasic,1008,1328,64,32,16,16,0,1,1,4294967295
bgBasic,1008,1312,64,32,16,16,0,1,1,4294967295
bgBasic,1008,1296,64,32,16,16,0,1,1,4294967295
bgBasic,1008,1280,64,32,16,16,0,1,1,4294967295
bgBasic,1008,1264,64,32,16,16,0,1,1,4294967295
bgBasic,1008,1248,64,32,16,16,0,1,1,4294967295
bgBasic,1008,1232,64,32,16,16,0,1,1,4294967295
bgBasic,1008,1216,64,32,16,16,0,1,1,4294967295
bgBasic,1008,1200,64,32,16,16,0,1,1,4294967295
bgBasic,1008,1184,64,32,16,16,0,1,1,4294967295
bgBasic,1008,1168,64,32,16,16,0,1,1,4294967295
bgBasic,1008,1152,64,32,16,16,0,1,1,4294967295
bgBasic,1008,1136,64,32,16,16,0,1,1,4294967295
bgBasic,1008,1120,64,32,16,16,0,1,1,4294967295
bgBasic,800,1328,64,32,16,16,0,1,1,4294967295
bgBasic,816,1328,64,32,16,16,0,1,1,4294967295
bgBasic,832,1328,64,32,16,16,0,1,1,4294967295
bgBasic,848,1328,64,32,16,16,0,1,1,4294967295
bgBasic,864,1328,64,32,16,16,0,1,1,4294967295
bgBasic,880,1328,64,32,16,16,0,1,1,4294967295
bgBasic,896,1328,64,32,16,16,0,1,1,4294967295
bgBasic,912,1328,64,32,16,16,0,1,1,4294967295
bgBasic,928,1328,64,32,16,16,0,1,1,4294967295
bgBasic,944,1328,64,32,16,16,0,1,1,4294967295
bgBasic,960,1328,64,32,16,16,0,1,1,4294967295
bgBasic,976,1328,64,32,16,16,0,1,1,4294967295
bgBasic,944,1312,64,32,16,16,0,1,1,4294967295
bgBasic,928,1312,64,32,16,16,0,1,1,4294967295
bgBasic,912,1312,64,32,16,16,0,1,1,4294967295
bgBasic,896,1312,64,32,16,16,0,1,1,4294967295
bgBasic,880,1312,64,32,16,16,0,1,1,4294967295
bgBasic,864,1312,64,32,16,16,0,1,1,4294967295
bgBasic,848,1312,64,32,16,16,0,1,1,4294967295
bgBasic,832,1312,64,32,16,16,0,1,1,4294967295
bgBasic,960,1312,64,32,16,16,0,1,1,4294967295
bgBasic,976,1312,64,32,16,16,0,1,1,4294967295
bgBasic,816,1312,64,32,16,16,0,1,1,4294967295
bgBasic,800,1312,64,32,16,16,0,1,1,4294967295
bgBasic,832,1296,64,32,16,16,0,1,1,4294967295
bgBasic,848,1296,64,32,16,16,0,1,1,4294967295
bgBasic,864,1296,64,32,16,16,0,1,1,4294967295
bgBasic,912,1296,64,32,16,16,0,1,1,4294967295
bgBasic,928,1296,64,32,16,16,0,1,1,4294967295
bgBasic,944,1296,64,32,16,16,0,1,1,4294967295
bgBasic,800,1296,96,48,32,16,0,1,1,4294967295
bgBasic,960,1296,96,48,32,16,0,1,1,4294967295
bgBasic,800,1248,96,64,32,16,0,1,1,4294967295
bgBasic,960,1248,96,64,32,16,0,1,1,4294967295
bgBasic,880,1296,64,32,16,16,0,1,1,4294967295
bgBasic,896,1296,64,32,16,16,0,1,1,4294967295
bgBasic,800,1168,96,64,32,16,0,1,1,4294967295
bgBasic,960,1168,96,64,32,16,0,1,1,4294967295
bgBasic,800,1216,96,48,32,16,0,1,1,4294967295
bgBasic,960,1216,96,48,32,16,0,1,1,4294967295
bgBasic,816,1136,64,32,16,16,0,1,1,4294967295
bgBasic,800,1136,64,32,16,16,0,1,1,4294967295
bgBasic,960,1136,64,32,16,16,0,1,1,4294967295
bgBasic,976,1136,64,32,16,16,0,1,1,4294967295
bgBasic,800,1232,64,32,16,16,0,1,1,4294967295
bgBasic,816,1232,64,32,16,16,0,1,1,4294967295
bgBasic,960,1232,64,32,16,16,0,1,1,4294967295
bgBasic,976,1232,64,32,16,16,0,1,1,4294967295
bgBasic,864,1216,80,48,16,16,0,1,1,4294967295
bgBasic,880,1216,80,48,16,16,0,1,1,4294967295
bgBasic,896,1216,80,48,16,16,0,1,1,4294967295
bgBasic,912,1216,80,48,16,16,0,1,1,4294967295
bgBasic,848,1216,64,32,16,16,0,1,1,4294967295
bgBasic,832,1216,64,32,16,16,0,1,1,4294967295
bgBasic,944,1216,64,32,16,16,0,1,1,4294967295
bgBasic,928,1216,64,32,16,16,0,1,1,4294967295
bgBasic,800,1152,64,32,16,16,0,1,1,4294967295
bgBasic,816,1152,64,32,16,16,0,1,1,4294967295
bgBasic,976,1152,64,32,16,16,0,1,1,4294967295
bgBasic,960,1152,64,32,16,16,0,1,1,4294967295
bgBasic,864,1152,48,0,16,16,0,1,1,4294967295
bgBasic,864,1136,48,0,16,16,0,1,1,4294967295
bgBasic,864,1168,48,0,16,16,0,1,1,4294967295
bgBasic,912,1168,48,0,16,16,0,1,1,4294967295
bgBasic,912,1152,48,0,16,16,0,1,1,4294967295
bgBasic,912,1136,48,0,16,16,0,1,1,4294967295
bgBasic,832,1120,64,32,16,16,0,1,1,4294967295
bgBasic,848,1120,64,32,16,16,0,1,1,4294967295
bgBasic,880,1120,64,32,16,16,0,1,1,4294967295
bgBasic,896,1120,64,32,16,16,0,1,1,4294967295
bgBasic,944,1120,64,32,16,16,0,1,1,4294967295
bgBasic,928,1120,64,32,16,16,0,1,1,4294967295
bgBasic,864,1120,48,0,16,16,0,1,1,4294967295
bgBasic,912,1120,48,0,16,16,0,1,1,4294967295
bgBasic,848,832,48,0,16,16,0,1,1,4294967295
bgBasic,848,848,48,0,16,16,0,1,1,4294967295
bgBasic,848,864,48,0,16,16,0,1,1,4294967295
bgBasic,848,880,48,0,16,16,0,1,1,4294967295
bgBasic,848,896,48,0,16,16,0,1,1,4294967295
bgBasic,848,912,48,0,16,16,0,1,1,4294967295
bgBasic,848,928,48,0,16,16,0,1,1,4294967295
bgBasic,928,832,48,0,16,16,0,1,1,4294967295
bgBasic,928,848,48,0,16,16,0,1,1,4294967295
bgBasic,928,880,48,0,16,16,0,1,1,4294967295
bgBasic,928,896,48,0,16,16,0,1,1,4294967295
bgBasic,928,912,48,0,16,16,0,1,1,4294967295
bgBasic,928,928,48,0,16,16,0,1,1,4294967295
bgBasic,928,864,48,0,16,16,0,1,1,4294967295
bgBasic,800,944,96,64,32,16,0,1,1,4294967295
bgBasic,960,944,96,64,32,16,0,1,1,4294967295
bgBasic,800,992,96,48,32,16,0,1,1,4294967295
bgBasic,960,992,96,48,32,16,0,1,1,4294967295
bgBasic,816,1120,64,32,16,16,0,1,1,4294967295
bgBasic,800,1120,64,32,16,16,0,1,1,4294967295
bgBasic,960,1120,64,32,16,16,0,1,1,4294967295
bgBasic,976,1120,64,32,16,16,0,1,1,4294967295
bgBasic,832,1104,64,32,16,16,0,1,1,4294967295
bgBasic,848,1104,64,32,16,16,0,1,1,4294967295
bgBasic,880,1104,64,32,16,16,0,1,1,4294967295
bgBasic,896,1104,64,32,16,16,0,1,1,4294967295
bgBasic,928,1104,64,32,16,16,0,1,1,4294967295
bgBasic,944,1104,64,32,16,16,0,1,1,4294967295
bgBasic,864,1104,48,0,16,16,0,1,1,4294967295
bgBasic,912,1104,48,0,16,16,0,1,1,4294967295
bgBasic,800,1008,64,32,16,16,0,1,1,4294967295
bgBasic,816,1008,64,32,16,16,0,1,1,4294967295
bgBasic,960,1008,64,32,16,16,0,1,1,4294967295
bgBasic,976,1008,64,32,16,16,0,1,1,4294967295
bgBasic,800,912,64,32,16,16,0,1,1,4294967295
bgBasic,816,912,64,32,16,16,0,1,1,4294967295
bgBasic,960,912,64,32,16,16,0,1,1,4294967295
bgBasic,976,912,64,32,16,16,0,1,1,4294967295
bgBasic,832,1088,64,32,16,16,0,1,1,4294967295
bgBasic,848,1088,64,32,16,16,0,1,1,4294967295
bgBasic,880,1088,64,32,16,16,0,1,1,4294967295
bgBasic,896,1088,64,32,16,16,0,1,1,4294967295
bgBasic,928,1088,64,32,16,16,0,1,1,4294967295
bgBasic,944,1088,64,32,16,16,0,1,1,4294967295
bgBasic,816,1104,64,32,16,16,0,1,1,4294967295
bgBasic,800,1104,64,32,16,16,0,1,1,4294967295
bgBasic,960,1104,64,32,16,16,0,1,1,4294967295
bgBasic,976,1104,64,32,16,16,0,1,1,4294967295
bgBasic,864,1088,48,0,16,16,0,1,1,4294967295
bgBasic,912,1088,48,0,16,16,0,1,1,4294967295
bgBasic,832,992,64,32,16,16,0,1,1,4294967295
bgBasic,848,992,64,32,16,16,0,1,1,4294967295
bgBasic,944,992,64,32,16,16,0,1,1,4294967295
bgBasic,928,992,64,32,16,16,0,1,1,4294967295
bgBasic,880,1040,64,32,16,16,0,1,1,4294967295
bgBasic,896,1040,64,32,16,16,0,1,1,4294967295
bgBasic,976,928,64,32,16,16,0,1,1,4294967295
bgBasic,960,928,64,32,16,16,0,1,1,4294967295
bgBasic,816,928,64,32,16,16,0,1,1,4294967295
bgBasic,800,928,64,32,16,16,0,1,1,4294967295
bgBasic,768,656,64,32,16,16,0,1,1,4294967295
bgBasic,768,640,64,32,16,16,0,1,1,4294967295
bgBasic,768,624,64,32,16,16,0,1,1,4294967295
bgBasic,768,608,64,32,16,16,0,1,1,4294967295
bgBasic,768,592,64,32,16,16,0,1,1,4294967295
bgBasic,768,576,64,32,16,16,0,1,1,4294967295
bgBasic,768,560,64,32,16,16,0,1,1,4294967295
bgBasic,768,544,64,32,16,16,0,1,1,4294967295
bgBasic,768,528,64,32,16,16,0,1,1,4294967295
bgBasic,768,512,64,32,16,16,0,1,1,4294967295
bgBasic,768,496,64,32,16,16,0,1,1,4294967295
bgBasic,768,480,64,32,16,16,0,1,1,4294967295
bgBasic,768,464,64,32,16,16,0,1,1,4294967295
bgBasic,768,448,64,32,16,16,0,1,1,4294967295
bgBasic,784,448,64,32,16,16,0,1,1,4294967295
bgBasic,784,464,64,32,16,16,0,1,1,4294967295
bgBasic,784,480,64,32,16,16,0,1,1,4294967295
bgBasic,784,496,64,32,16,16,0,1,1,4294967295
bgBasic,784,512,64,32,16,16,0,1,1,4294967295
bgBasic,784,528,64,32,16,16,0,1,1,4294967295
bgBasic,784,544,64,32,16,16,0,1,1,4294967295
bgBasic,784,560,64,32,16,16,0,1,1,4294967295
bgBasic,784,576,64,32,16,16,0,1,1,4294967295
bgBasic,784,592,64,32,16,16,0,1,1,4294967295
bgBasic,784,608,64,32,16,16,0,1,1,4294967295
bgBasic,784,624,64,32,16,16,0,1,1,4294967295
bgBasic,784,640,64,32,16,16,0,1,1,4294967295
bgBasic,784,656,64,32,16,16,0,1,1,4294967295
bgBasic,1008,656,64,32,16,16,0,1,1,4294967295
bgBasic,1008,640,64,32,16,16,0,1,1,4294967295
bgBasic,1008,624,64,32,16,16,0,1,1,4294967295
bgBasic,1008,608,64,32,16,16,0,1,1,4294967295
bgBasic,1008,592,64,32,16,16,0,1,1,4294967295
bgBasic,1008,576,64,32,16,16,0,1,1,4294967295
bgBasic,1008,560,64,32,16,16,0,1,1,4294967295
bgBasic,1008,544,64,32,16,16,0,1,1,4294967295
bgBasic,1008,528,64,32,16,16,0,1,1,4294967295
bgBasic,1008,512,64,32,16,16,0,1,1,4294967295
bgBasic,1008,496,64,32,16,16,0,1,1,4294967295
bgBasic,1008,480,64,32,16,16,0,1,1,4294967295
bgBasic,1008,464,64,32,16,16,0,1,1,4294967295
bgBasic,1008,448,64,32,16,16,0,1,1,4294967295
bgBasic,992,448,64,32,16,16,0,1,1,4294967295
bgBasic,992,464,64,32,16,16,0,1,1,4294967295
bgBasic,992,480,64,32,16,16,0,1,1,4294967295
bgBasic,992,496,64,32,16,16,0,1,1,4294967295
bgBasic,992,512,64,32,16,16,0,1,1,4294967295
bgBasic,992,528,64,32,16,16,0,1,1,4294967295
bgBasic,992,544,64,32,16,16,0,1,1,4294967295
bgBasic,992,560,64,32,16,16,0,1,1,4294967295
bgBasic,992,576,64,32,16,16,0,1,1,4294967295
bgBasic,992,592,64,32,16,16,0,1,1,4294967295
bgBasic,992,608,64,32,16,16,0,1,1,4294967295
bgBasic,992,624,64,32,16,16,0,1,1,4294967295
bgBasic,992,640,64,32,16,16,0,1,1,4294967295
bgBasic,992,656,64,32,16,16,0,1,1,4294967295
bgBasic,1120,688,64,32,16,16,0,1,1,4294967295
bgBasic,1136,688,64,32,16,16,0,1,1,4294967295
bgBasic,1152,688,64,32,16,16,0,1,1,4294967295
bgBasic,1280,672,64,32,16,16,0,1,1,4294967295
bgBasic,1296,672,64,32,16,16,0,1,1,4294967295
bgBasic,1312,672,64,32,16,16,0,1,1,4294967295
bgBasic,1328,672,64,32,16,16,0,1,1,4294967295
bgBasic,1344,672,64,32,16,16,0,1,1,4294967295
bgBasic,1360,672,64,32,16,16,0,1,1,4294967295
bgBasic,1376,672,64,32,16,16,0,1,1,4294967295
bgBasic,1392,672,64,32,16,16,0,1,1,4294967295
bgBasic,1408,672,64,32,16,16,0,1,1,4294967295
bgBasic,1424,672,64,32,16,16,0,1,1,4294967295
bgBasic,1440,672,64,32,16,16,0,1,1,4294967295
bgBasic,1456,672,64,32,16,16,0,1,1,4294967295
bgBasic,1472,672,64,32,16,16,0,1,1,4294967295
bgBasic,1488,672,64,32,16,16,0,1,1,4294967295
bgBasic,1504,672,64,32,16,16,0,1,1,4294967295
bgBasic,1520,672,64,32,16,16,0,1,1,4294967295
bgBasic,1520,688,64,32,16,16,0,1,1,4294967295
bgBasic,1504,688,64,32,16,16,0,1,1,4294967295
bgBasic,1488,688,64,32,16,16,0,1,1,4294967295
bgBasic,1472,688,64,32,16,16,0,1,1,4294967295
bgBasic,1456,688,64,32,16,16,0,1,1,4294967295
bgBasic,1440,688,64,32,16,16,0,1,1,4294967295
bgBasic,1424,688,64,32,16,16,0,1,1,4294967295
bgBasic,1408,688,64,32,16,16,0,1,1,4294967295
bgBasic,1392,688,64,32,16,16,0,1,1,4294967295
bgBasic,1376,688,64,32,16,16,0,1,1,4294967295
bgBasic,1360,688,64,32,16,16,0,1,1,4294967295
bgBasic,1344,688,64,32,16,16,0,1,1,4294967295
bgBasic,1328,688,64,32,16,16,0,1,1,4294967295
bgBasic,1312,688,64,32,16,16,0,1,1,4294967295
bgBasic,1296,688,64,32,16,16,0,1,1,4294967295
bgBasic,1280,688,64,32,16,16,0,1,1,4294967295
bgBasic,1280,864,64,32,16,16,0,1,1,4294967295
bgBasic,1296,864,64,32,16,16,0,1,1,4294967295
bgBasic,1312,864,64,32,16,16,0,1,1,4294967295
bgBasic,1328,864,64,32,16,16,0,1,1,4294967295
bgBasic,1344,864,64,32,16,16,0,1,1,4294967295
bgBasic,1360,864,64,32,16,16,0,1,1,4294967295
bgBasic,1376,864,64,32,16,16,0,1,1,4294967295
bgBasic,1392,864,64,32,16,16,0,1,1,4294967295
bgBasic,1408,864,64,32,16,16,0,1,1,4294967295
bgBasic,1424,864,64,32,16,16,0,1,1,4294967295
bgBasic,1440,864,64,32,16,16,0,1,1,4294967295
bgBasic,1456,864,64,32,16,16,0,1,1,4294967295
bgBasic,1472,864,64,32,16,16,0,1,1,4294967295
bgBasic,1520,784,64,32,16,16,0,1,1,4294967295
bgBasic,1520,768,64,32,16,16,0,1,1,4294967295
bgBasic,1520,752,64,32,16,16,0,1,1,4294967295
bgBasic,1520,736,64,32,16,16,0,1,1,4294967295
bgBasic,1520,720,64,32,16,16,0,1,1,4294967295
bgBasic,1520,704,64,32,16,16,0,1,1,4294967295
bgBasic,1504,864,64,32,16,16,0,1,1,4294967295
bgBasic,1504,880,64,32,16,16,0,1,1,4294967295
bgBasic,1520,880,64,32,16,16,0,1,1,4294967295
bgBasic,1520,864,64,32,16,16,0,1,1,4294967295
bgBasic,1520,848,64,32,16,16,0,1,1,4294967295
bgBasic,1520,832,64,32,16,16,0,1,1,4294967295
bgBasic,1520,816,64,32,16,16,0,1,1,4294967295
bgBasic,1520,800,64,32,16,16,0,1,1,4294967295
bgBasic,1488,864,64,32,16,16,0,1,1,4294967295
bgBasic,1488,880,64,32,16,16,0,1,1,4294967295
bgBasic,1472,880,64,32,16,16,0,1,1,4294967295
bgBasic,1456,880,64,32,16,16,0,1,1,4294967295
bgBasic,1440,880,64,32,16,16,0,1,1,4294967295
bgBasic,1424,880,64,32,16,16,0,1,1,4294967295
bgBasic,1408,880,64,32,16,16,0,1,1,4294967295
bgBasic,1392,880,64,32,16,16,0,1,1,4294967295
bgBasic,1376,880,64,32,16,16,0,1,1,4294967295
bgBasic,1360,880,64,32,16,16,0,1,1,4294967295
bgBasic,1344,880,64,32,16,16,0,1,1,4294967295
bgBasic,1328,880,64,32,16,16,0,1,1,4294967295
bgBasic,1312,880,64,32,16,16,0,1,1,4294967295
bgBasic,1296,880,64,32,16,16,0,1,1,4294967295
bgBasic,1280,880,64,32,16,16,0,1,1,4294967295
bgBasic,1424,704,96,64,32,16,0,1,1,4294967295
bgBasic,1344,800,96,64,32,16,0,1,1,4294967295
bgBasic,1280,704,96,64,32,16,0,1,1,4294967295
bgBasic,1056,848,96,48,32,16,0,1,1,4294967295
bgBasic,1136,752,96,48,32,16,0,1,1,4294967295
bgBasic,1200,848,96,48,32,16,0,1,1,4294967295
bgBasic,992,848,64,32,16,16,0,1,1,4294967295
bgBasic,1008,848,64,32,16,16,0,1,1,4294967295
bgBasic,1152,848,64,32,16,16,0,1,1,4294967295
bgBasic,1280,848,64,32,16,16,0,1,1,4294967295
bgBasic,1296,848,64,32,16,16,0,1,1,4294967295
bgBasic,1312,848,64,32,16,16,0,1,1,4294967295
bgBasic,1328,848,64,32,16,16,0,1,1,4294967295
bgBasic,1424,848,64,32,16,16,0,1,1,4294967295
bgBasic,1440,848,64,32,16,16,0,1,1,4294967295
bgBasic,1456,848,64,32,16,16,0,1,1,4294967295
bgBasic,1136,704,96,64,32,16,0,1,1,4294967295
bgBasic,1344,848,96,48,32,16,0,1,1,4294967295
bgBasic,1280,752,96,48,32,16,0,1,1,4294967295
bgBasic,1424,752,96,48,32,16,0,1,1,4294967295
bgBasic,1056,800,96,64,32,16,0,1,1,4294967295
bgBasic,1200,800,96,64,32,16,0,1,1,4294967295
bgBasic,1136,848,64,32,16,16,0,1,1,4294967295
bgBasic,1168,848,64,32,16,16,0,1,1,4294967295
bgBasic,1040,848,64,32,16,16,0,1,1,4294967295
bgBasic,1024,848,64,32,16,16,0,1,1,4294967295
bgBasic,1184,848,64,32,16,16,0,1,1,4294967295
bgBasic,1104,848,64,32,16,16,0,1,1,4294967295
bgBasic,1120,848,64,32,16,16,0,1,1,4294967295
bgBasic,1120,752,64,32,16,16,0,1,1,4294967295
bgBasic,1088,832,48,0,16,16,0,1,1,4294967295
bgBasic,1088,816,48,0,16,16,0,1,1,4294967295
bgBasic,1088,800,48,0,16,16,0,1,1,4294967295
bgBasic,1088,784,48,0,16,16,0,1,1,4294967295
bgBasic,1088,768,48,0,16,16,0,1,1,4294967295
bgBasic,1088,752,48,0,16,16,0,1,1,4294967295
bgBasic,1088,848,64,32,16,16,0,1,1,4294967295
bgBasic,1104,752,64,32,16,16,0,1,1,4294967295
bgBasic,1232,848,64,32,16,16,0,1,1,4294967295
bgBasic,1248,848,64,32,16,16,0,1,1,4294967295
bgBasic,1264,848,64,32,16,16,0,1,1,4294967295
bgBasic,1376,848,64,32,16,16,0,1,1,4294967295
bgBasic,1392,848,64,32,16,16,0,1,1,4294967295
bgBasic,1408,848,64,32,16,16,0,1,1,4294967295
bgBasic,1232,832,48,0,16,16,0,1,1,4294967295
bgBasic,1232,816,48,0,16,16,0,1,1,4294967295
bgBasic,1232,800,48,0,16,16,0,1,1,4294967295
bgBasic,1232,784,48,0,16,16,0,1,1,4294967295
bgBasic,1232,768,48,0,16,16,0,1,1,4294967295
bgBasic,1232,752,48,0,16,16,0,1,1,4294967295
bgBasic,1376,832,48,0,16,16,0,1,1,4294967295
bgBasic,1376,816,48,0,16,16,0,1,1,4294967295
bgBasic,1376,800,48,0,16,16,0,1,1,4294967295
bgBasic,1376,784,48,0,16,16,0,1,1,4294967295
bgBasic,1376,768,48,0,16,16,0,1,1,4294967295
bgBasic,1376,752,48,0,16,16,0,1,1,4294967295
bgBasic,1248,752,64,32,16,16,0,1,1,4294967295
bgBasic,1264,752,64,32,16,16,0,1,1,4294967295
bgBasic,1392,752,64,32,16,16,0,1,1,4294967295
bgBasic,1408,752,64,32,16,16,0,1,1,4294967295
bgBasic,1456,752,64,32,16,16,0,1,1,4294967295
bgBasic,1168,704,64,32,16,16,0,1,1,4294967295
bgBasic,1184,704,64,32,16,16,0,1,1,4294967295
bgBasic,1200,704,64,32,16,16,0,1,1,4294967295
bgBasic,1216,704,64,32,16,16,0,1,1,4294967295
bgBasic,1232,704,64,32,16,16,0,1,1,4294967295
bgBasic,1248,704,64,32,16,16,0,1,1,4294967295
bgBasic,1264,704,64,32,16,16,0,1,1,4294967295
bgBasic,1312,704,64,32,16,16,0,1,1,4294967295
bgBasic,1328,704,64,32,16,16,0,1,1,4294967295
bgBasic,1344,704,64,32,16,16,0,1,1,4294967295
bgBasic,1360,704,64,32,16,16,0,1,1,4294967295
bgBasic,1376,704,64,32,16,16,0,1,1,4294967295
bgBasic,1392,704,64,32,16,16,0,1,1,4294967295
bgBasic,1408,704,64,32,16,16,0,1,1,4294967295
bgBasic,1456,704,64,32,16,16,0,1,1,4294967295
bgBasic,1472,704,64,32,16,16,0,1,1,4294967295
bgBasic,1488,704,64,32,16,16,0,1,1,4294967295
bgBasic,1504,704,64,32,16,16,0,1,1,4294967295
bgBasic,1504,784,64,32,16,16,0,1,1,4294967295
bgBasic,1504,768,64,32,16,16,0,1,1,4294967295
bgBasic,1504,752,64,32,16,16,0,1,1,4294967295
bgBasic,1504,736,64,32,16,16,0,1,1,4294967295
bgBasic,1504,720,64,32,16,16,0,1,1,4294967295
bgBasic,992,704,64,32,16,16,0,1,1,4294967295
bgBasic,1008,704,64,32,16,16,0,1,1,4294967295
bgBasic,1024,704,64,32,16,16,0,1,1,4294967295
bgBasic,1040,704,64,32,16,16,0,1,1,4294967295
bgBasic,1056,704,64,32,16,16,0,1,1,4294967295
bgBasic,1072,704,64,32,16,16,0,1,1,4294967295
bgBasic,1088,704,64,32,16,16,0,1,1,4294967295
bgBasic,1104,704,64,32,16,16,0,1,1,4294967295
bgBasic,1120,704,64,32,16,16,0,1,1,4294967295
bgBasic,752,672,64,32,16,16,0,1,1,4294967295
bgBasic,736,672,64,32,16,16,0,1,1,4294967295
bgBasic,720,672,64,32,16,16,0,1,1,4294967295
bgBasic,704,672,64,32,16,16,0,1,1,4294967295
bgBasic,688,672,64,32,16,16,0,1,1,4294967295
bgBasic,672,672,64,32,16,16,0,1,1,4294967295
bgBasic,656,672,64,32,16,16,0,1,1,4294967295
bgBasic,640,672,64,32,16,16,0,1,1,4294967295
bgBasic,624,672,64,32,16,16,0,1,1,4294967295
bgBasic,608,672,64,32,16,16,0,1,1,4294967295
bgBasic,592,672,64,32,16,16,0,1,1,4294967295
bgBasic,576,672,64,32,16,16,0,1,1,4294967295
bgBasic,560,672,64,32,16,16,0,1,1,4294967295
bgBasic,544,672,64,32,16,16,0,1,1,4294967295
bgBasic,528,672,64,32,16,16,0,1,1,4294967295
bgBasic,512,672,64,32,16,16,0,1,1,4294967295
bgBasic,496,672,64,32,16,16,0,1,1,4294967295
bgBasic,480,672,64,32,16,16,0,1,1,4294967295
bgBasic,464,672,64,32,16,16,0,1,1,4294967295
bgBasic,448,672,64,32,16,16,0,1,1,4294967295
bgBasic,432,672,64,32,16,16,0,1,1,4294967295
bgBasic,416,672,64,32,16,16,0,1,1,4294967295
bgBasic,400,672,64,32,16,16,0,1,1,4294967295
bgBasic,384,672,64,32,16,16,0,1,1,4294967295
bgBasic,368,672,64,32,16,16,0,1,1,4294967295
bgBasic,352,672,64,32,16,16,0,1,1,4294967295
bgBasic,336,672,64,32,16,16,0,1,1,4294967295
bgBasic,320,672,64,32,16,16,0,1,1,4294967295
bgBasic,304,672,64,32,16,16,0,1,1,4294967295
bgBasic,288,672,64,32,16,16,0,1,1,4294967295
bgBasic,272,672,64,32,16,16,0,1,1,4294967295
bgBasic,256,672,64,32,16,16,0,1,1,4294967295
bgBasic,256,688,64,32,16,16,0,1,1,4294967295
bgBasic,256,704,64,32,16,16,0,1,1,4294967295
bgBasic,256,720,64,32,16,16,0,1,1,4294967295
bgBasic,256,736,64,32,16,16,0,1,1,4294967295
bgBasic,256,752,64,32,16,16,0,1,1,4294967295
bgBasic,256,768,64,32,16,16,0,1,1,4294967295
bgBasic,256,784,64,32,16,16,0,1,1,4294967295
bgBasic,256,800,64,32,16,16,0,1,1,4294967295
bgBasic,256,816,64,32,16,16,0,1,1,4294967295
bgBasic,256,832,64,32,16,16,0,1,1,4294967295
bgBasic,256,848,64,32,16,16,0,1,1,4294967295
bgBasic,256,864,64,32,16,16,0,1,1,4294967295
bgBasic,256,880,64,32,16,16,0,1,1,4294967295
bgBasic,272,880,64,32,16,16,0,1,1,4294967295
bgBasic,288,880,64,32,16,16,0,1,1,4294967295
bgBasic,304,880,64,32,16,16,0,1,1,4294967295
bgBasic,320,880,64,32,16,16,0,1,1,4294967295
bgBasic,336,880,64,32,16,16,0,1,1,4294967295
bgBasic,352,880,64,32,16,16,0,1,1,4294967295
bgBasic,368,880,64,32,16,16,0,1,1,4294967295
bgBasic,384,880,64,32,16,16,0,1,1,4294967295
bgBasic,400,880,64,32,16,16,0,1,1,4294967295
bgBasic,416,880,64,32,16,16,0,1,1,4294967295
bgBasic,432,880,64,32,16,16,0,1,1,4294967295
bgBasic,448,880,64,32,16,16,0,1,1,4294967295
bgBasic,464,880,64,32,16,16,0,1,1,4294967295
bgBasic,480,880,64,32,16,16,0,1,1,4294967295
bgBasic,496,880,64,32,16,16,0,1,1,4294967295
bgBasic,512,880,64,32,16,16,0,1,1,4294967295
bgBasic,528,880,64,32,16,16,0,1,1,4294967295
bgBasic,544,880,64,32,16,16,0,1,1,4294967295
bgBasic,560,880,64,32,16,16,0,1,1,4294967295
bgBasic,576,880,64,32,16,16,0,1,1,4294967295
bgBasic,592,880,64,32,16,16,0,1,1,4294967295
bgBasic,608,880,64,32,16,16,0,1,1,4294967295
bgBasic,624,880,64,32,16,16,0,1,1,4294967295
bgBasic,640,880,64,32,16,16,0,1,1,4294967295
bgBasic,656,880,64,32,16,16,0,1,1,4294967295
bgBasic,672,880,64,32,16,16,0,1,1,4294967295
bgBasic,688,880,64,32,16,16,0,1,1,4294967295
bgBasic,704,880,64,32,16,16,0,1,1,4294967295
bgBasic,720,880,64,32,16,16,0,1,1,4294967295
bgBasic,736,880,64,32,16,16,0,1,1,4294967295
bgBasic,752,880,64,32,16,16,0,1,1,4294967295
bgBasic,752,864,64,32,16,16,0,1,1,4294967295
bgBasic,736,864,64,32,16,16,0,1,1,4294967295
bgBasic,720,864,64,32,16,16,0,1,1,4294967295
bgBasic,704,864,64,32,16,16,0,1,1,4294967295
bgBasic,688,864,64,32,16,16,0,1,1,4294967295
bgBasic,672,864,64,32,16,16,0,1,1,4294967295
bgBasic,656,864,64,32,16,16,0,1,1,4294967295
bgBasic,640,864,64,32,16,16,0,1,1,4294967295
bgBasic,624,864,64,32,16,16,0,1,1,4294967295
bgBasic,608,864,64,32,16,16,0,1,1,4294967295
bgBasic,592,864,64,32,16,16,0,1,1,4294967295
bgBasic,576,864,64,32,16,16,0,1,1,4294967295
bgBasic,560,864,64,32,16,16,0,1,1,4294967295
bgBasic,544,864,64,32,16,16,0,1,1,4294967295
bgBasic,528,864,64,32,16,16,0,1,1,4294967295
bgBasic,512,864,64,32,16,16,0,1,1,4294967295
bgBasic,496,864,64,32,16,16,0,1,1,4294967295
bgBasic,480,864,64,32,16,16,0,1,1,4294967295
bgBasic,464,864,64,32,16,16,0,1,1,4294967295
bgBasic,448,864,64,32,16,16,0,1,1,4294967295
bgBasic,432,864,64,32,16,16,0,1,1,4294967295
bgBasic,416,864,64,32,16,16,0,1,1,4294967295
bgBasic,400,864,64,32,16,16,0,1,1,4294967295
bgBasic,384,864,64,32,16,16,0,1,1,4294967295
bgBasic,368,864,64,32,16,16,0,1,1,4294967295
bgBasic,352,864,64,32,16,16,0,1,1,4294967295
bgBasic,336,864,64,32,16,16,0,1,1,4294967295
bgBasic,320,864,64,32,16,16,0,1,1,4294967295
bgBasic,304,864,64,32,16,16,0,1,1,4294967295
bgBasic,288,864,64,32,16,16,0,1,1,4294967295
bgBasic,272,864,64,32,16,16,0,1,1,4294967295
bgBasic,272,848,64,32,16,16,0,1,1,4294967295
bgBasic,272,832,64,32,16,16,0,1,1,4294967295
bgBasic,272,816,64,32,16,16,0,1,1,4294967295
bgBasic,272,800,64,32,16,16,0,1,1,4294967295
bgBasic,272,784,64,32,16,16,0,1,1,4294967295
bgBasic,272,768,64,32,16,16,0,1,1,4294967295
bgBasic,272,752,64,32,16,16,0,1,1,4294967295
bgBasic,272,736,64,32,16,16,0,1,1,4294967295
bgBasic,272,720,64,32,16,16,0,1,1,4294967295
bgBasic,272,704,64,32,16,16,0,1,1,4294967295
bgBasic,272,688,64,32,16,16,0,1,1,4294967295
bgBasic,288,688,64,32,16,16,0,1,1,4294967295
bgBasic,304,688,64,32,16,16,0,1,1,4294967295
bgBasic,320,688,64,32,16,16,0,1,1,4294967295
bgBasic,336,688,64,32,16,16,0,1,1,4294967295
bgBasic,352,688,64,32,16,16,0,1,1,4294967295
bgBasic,368,688,64,32,16,16,0,1,1,4294967295
bgBasic,384,688,64,32,16,16,0,1,1,4294967295
bgBasic,400,688,64,32,16,16,0,1,1,4294967295
bgBasic,416,688,64,32,16,16,0,1,1,4294967295
bgBasic,432,688,64,32,16,16,0,1,1,4294967295
bgBasic,448,688,64,32,16,16,0,1,1,4294967295
bgBasic,464,688,64,32,16,16,0,1,1,4294967295
bgBasic,480,688,64,32,16,16,0,1,1,4294967295
bgBasic,496,688,64,32,16,16,0,1,1,4294967295
bgBasic,512,688,64,32,16,16,0,1,1,4294967295
bgBasic,528,688,64,32,16,16,0,1,1,4294967295
bgBasic,544,688,64,32,16,16,0,1,1,4294967295
bgBasic,560,688,64,32,16,16,0,1,1,4294967295
bgBasic,576,688,64,32,16,16,0,1,1,4294967295
bgBasic,592,688,64,32,16,16,0,1,1,4294967295
bgBasic,608,688,64,32,16,16,0,1,1,4294967295
bgBasic,624,688,64,32,16,16,0,1,1,4294967295
bgBasic,640,688,64,32,16,16,0,1,1,4294967295
bgBasic,656,688,64,32,16,16,0,1,1,4294967295
bgBasic,672,688,64,32,16,16,0,1,1,4294967295
bgBasic,688,688,64,32,16,16,0,1,1,4294967295
bgBasic,704,688,64,32,16,16,0,1,1,4294967295
bgBasic,720,688,64,32,16,16,0,1,1,4294967295
bgBasic,736,688,64,32,16,16,0,1,1,4294967295
bgBasic,752,688,64,32,16,16,0,1,1,4294967295
bgBasic,768,432,64,32,16,16,0,1,1,4294967295
bgBasic,768,416,64,32,16,16,0,1,1,4294967295
bgBasic,768,400,64,32,16,16,0,1,1,4294967295
bgBasic,768,384,64,32,16,16,0,1,1,4294967295
bgBasic,768,368,64,32,16,16,0,1,1,4294967295
bgBasic,768,352,64,32,16,16,0,1,1,4294967295
bgBasic,768,336,64,32,16,16,0,1,1,4294967295
bgBasic,768,320,64,32,16,16,0,1,1,4294967295
bgBasic,768,304,64,32,16,16,0,1,1,4294967295
bgBasic,768,288,64,32,16,16,0,1,1,4294967295
bgBasic,768,272,64,32,16,16,0,1,1,4294967295
bgBasic,768,256,64,32,16,16,0,1,1,4294967295
bgBasic,768,240,64,32,16,16,0,1,1,4294967295
bgBasic,768,224,64,32,16,16,0,1,1,4294967295
bgBasic,784,224,64,32,16,16,0,1,1,4294967295
bgBasic,784,240,64,32,16,16,0,1,1,4294967295
bgBasic,784,256,64,32,16,16,0,1,1,4294967295
bgBasic,784,272,64,32,16,16,0,1,1,4294967295
bgBasic,784,288,64,32,16,16,0,1,1,4294967295
bgBasic,784,384,64,32,16,16,0,1,1,4294967295
bgBasic,784,400,64,32,16,16,0,1,1,4294967295
bgBasic,784,416,64,32,16,16,0,1,1,4294967295
bgBasic,784,432,64,32,16,16,0,1,1,4294967295
bgBasic,992,432,64,32,16,16,0,1,1,4294967295
bgBasic,992,416,64,32,16,16,0,1,1,4294967295
bgBasic,992,400,64,32,16,16,0,1,1,4294967295
bgBasic,992,384,64,32,16,16,0,1,1,4294967295
bgBasic,992,368,64,32,16,16,0,1,1,4294967295
bgBasic,992,352,64,32,16,16,0,1,1,4294967295
bgBasic,992,336,64,32,16,16,0,1,1,4294967295
bgBasic,992,320,64,32,16,16,0,1,1,4294967295
bgBasic,992,304,64,32,16,16,0,1,1,4294967295
bgBasic,992,288,64,32,16,16,0,1,1,4294967295
bgBasic,992,272,64,32,16,16,0,1,1,4294967295
bgBasic,992,256,64,32,16,16,0,1,1,4294967295
bgBasic,992,240,64,32,16,16,0,1,1,4294967295
bgBasic,992,224,64,32,16,16,0,1,1,4294967295
bgBasic,1008,224,64,32,16,16,0,1,1,4294967295
bgBasic,1008,240,64,32,16,16,0,1,1,4294967295
bgBasic,1008,256,64,32,16,16,0,1,1,4294967295
bgBasic,1008,272,64,32,16,16,0,1,1,4294967295
bgBasic,1008,288,64,32,16,16,0,1,1,4294967295
bgBasic,1008,304,64,32,16,16,0,1,1,4294967295
bgBasic,1008,320,64,32,16,16,0,1,1,4294967295
bgBasic,1008,336,64,32,16,16,0,1,1,4294967295
bgBasic,1008,352,64,32,16,16,0,1,1,4294967295
bgBasic,1008,368,64,32,16,16,0,1,1,4294967295
bgBasic,1008,384,64,32,16,16,0,1,1,4294967295
bgBasic,1008,400,64,32,16,16,0,1,1,4294967295
bgBasic,1008,416,64,32,16,16,0,1,1,4294967295
bgBasic,1008,432,64,32,16,16,0,1,1,4294967295
bgBasic,800,656,64,32,16,16,0,1,1,4294967295
bgBasic,800,640,64,32,16,16,0,1,1,4294967295
bgBasic,816,640,64,32,16,16,0,1,1,4294967295
bgBasic,832,640,64,32,16,16,0,1,1,4294967295
bgBasic,832,656,64,32,16,16,0,1,1,4294967295
bgBasic,816,656,64,32,16,16,0,1,1,4294967295
bgBasic,880,656,64,32,16,16,0,1,1,4294967295
bgBasic,864,656,64,32,16,16,0,1,1,4294967295
bgBasic,864,640,64,32,16,16,0,1,1,4294967295
bgBasic,880,640,64,32,16,16,0,1,1,4294967295
bgBasic,896,640,64,32,16,16,0,1,1,4294967295
bgBasic,912,640,64,32,16,16,0,1,1,4294967295
bgBasic,912,656,64,32,16,16,0,1,1,4294967295
bgBasic,896,656,64,32,16,16,0,1,1,4294967295
bgBasic,944,656,64,32,16,16,0,1,1,4294967295
bgBasic,944,640,64,32,16,16,0,1,1,4294967295
bgBasic,960,640,64,32,16,16,0,1,1,4294967295
bgBasic,976,640,64,32,16,16,0,1,1,4294967295
bgBasic,976,656,64,32,16,16,0,1,1,4294967295
bgBasic,960,656,64,32,16,16,0,1,1,4294967295
bgBasic,848,656,48,0,16,16,0,1,1,4294967295
bgBasic,848,640,48,0,16,16,0,1,1,4294967295
bgBasic,928,656,48,0,16,16,0,1,1,4294967295
bgBasic,928,640,48,0,16,16,0,1,1,4294967295
bgBasic,800,592,96,48,32,16,0,1,1,4294967295
bgBasic,832,592,64,32,16,16,0,1,1,4294967295
bgBasic,848,592,64,32,16,16,0,1,1,4294967295
bgBasic,944,592,64,32,16,16,0,1,1,4294967295
bgBasic,928,592,64,32,16,16,0,1,1,4294967295
bgBasic,960,592,96,48,32,16,0,1,1,4294967295
bgBasic,800,544,96,64,32,16,0,1,1,4294967295
bgBasic,960,544,96,64,32,16,0,1,1,4294967295
bgBasic,848,496,96,48,32,16,0,1,1,4294967295
bgBasic,800,528,48,0,16,16,0,1,1,4294967295
bgBasic,800,512,48,0,16,16,0,1,1,4294967295
bgBasic,800,496,48,0,16,16,0,1,1,4294967295
bgBasic,976,528,48,0,16,16,0,1,1,4294967295
bgBasic,976,512,48,0,16,16,0,1,1,4294967295
bgBasic,976,496,48,0,16,16,0,1,1,4294967295
bgBasic,912,496,96,48,32,16,0,1,1,4294967295
bgBasic,848,448,96,64,32,16,0,1,1,4294967295
bgBasic,912,448,96,64,32,16,0,1,1,4294967295
bgBasic,880,448,64,32,16,16,0,1,1,4294967295
bgBasic,880,464,64,32,16,16,0,1,1,4294967295
bgBasic,880,480,64,32,16,16,0,1,1,4294967295
bgBasic,880,496,64,32,16,16,0,1,1,4294967295
bgBasic,896,496,64,32,16,16,0,1,1,4294967295
bgBasic,896,480,64,32,16,16,0,1,1,4294967295
bgBasic,896,464,64,32,16,16,0,1,1,4294967295
bgBasic,896,448,64,32,16,16,0,1,1,4294967295
bgBasic,832,496,64,32,16,16,0,1,1,4294967295
bgBasic,816,496,64,32,16,16,0,1,1,4294967295
bgBasic,944,496,64,32,16,16,0,1,1,4294967295
bgBasic,960,496,64,32,16,16,0,1,1,4294967295
bgBasic,784,304,64,32,16,16,0,1,1,4294967295
bgBasic,784,320,64,32,16,16,0,1,1,4294967295
bgBasic,784,336,64,32,16,16,0,1,1,4294967295
bgBasic,784,352,64,32,16,16,0,1,1,4294967295
bgBasic,784,368,64,32,16,16,0,1,1,4294967295
bgBasic,800,224,64,32,16,16,0,1,1,4294967295
bgBasic,816,224,64,32,16,16,0,1,1,4294967295
bgBasic,832,224,64,32,16,16,0,1,1,4294967295
bgBasic,848,224,64,32,16,16,0,1,1,4294967295
bgBasic,864,224,64,32,16,16,0,1,1,4294967295
bgBasic,880,224,64,32,16,16,0,1,1,4294967295
bgBasic,896,224,64,32,16,16,0,1,1,4294967295
bgBasic,912,224,64,32,16,16,0,1,1,4294967295
bgBasic,928,224,64,32,16,16,0,1,1,4294967295
bgBasic,944,224,64,32,16,16,0,1,1,4294967295
bgBasic,960,224,64,32,16,16,0,1,1,4294967295
bgBasic,976,224,64,32,16,16,0,1,1,4294967295
bgBasic,880,288,96,48,32,16,0,1,1,4294967295
bgBasic,880,240,96,64,32,16,0,1,1,4294967295
bgBasic,800,384,96,48,32,16,0,1,1,4294967295
bgBasic,960,384,96,48,32,16,0,1,1,4294967295
bgBasic,832,384,64,32,16,16,0,1,1,4294967295
bgBasic,848,384,64,32,16,16,0,1,1,4294967295
bgBasic,944,384,64,32,16,16,0,1,1,4294967295
bgBasic,928,384,64,32,16,16,0,1,1,4294967295
bgBasic,880,432,64,32,16,16,0,1,1,4294967295
bgBasic,896,432,64,32,16,16,0,1,1,4294967295
bgBasic,800,336,96,64,32,16,0,1,1,4294967295
bgBasic,960,336,96,64,32,16,0,1,1,4294967295
bgBasic,864,336,64,32,16,16,0,1,1,4294967295
bgBasic,880,336,64,32,16,16,0,1,1,4294967295
bgBasic,896,336,64,32,16,16,0,1,1,4294967295
bgBasic,912,336,64,32,16,16,0,1,1,4294967295
bgBasic,800,320,64,32,16,16,0,1,1,4294967295
bgBasic,800,304,64,32,16,16,0,1,1,4294967295
bgBasic,800,288,64,32,16,16,0,1,1,4294967295
bgBasic,800,272,64,32,16,16,0,1,1,4294967295
bgBasic,800,256,64,32,16,16,0,1,1,4294967295
bgBasic,800,240,64,32,16,16,0,1,1,4294967295
bgBasic,816,240,64,32,16,16,0,1,1,4294967295
bgBasic,816,256,64,32,16,16,0,1,1,4294967295
bgBasic,816,272,64,32,16,16,0,1,1,4294967295
bgBasic,816,288,64,32,16,16,0,1,1,4294967295
bgBasic,816,304,64,32,16,16,0,1,1,4294967295
bgBasic,816,320,64,32,16,16,0,1,1,4294967295
bgBasic,832,240,64,32,16,16,0,1,1,4294967295
bgBasic,848,240,64,32,16,16,0,1,1,4294967295
bgBasic,864,240,64,32,16,16,0,1,1,4294967295
bgBasic,912,240,64,32,16,16,0,1,1,4294967295
bgBasic,928,240,64,32,16,16,0,1,1,4294967295
bgBasic,944,240,64,32,16,16,0,1,1,4294967295
bgBasic,960,240,64,32,16,16,0,1,1,4294967295
bgBasic,976,240,64,32,16,16,0,1,1,4294967295
bgBasic,976,256,64,32,16,16,0,1,1,4294967295
bgBasic,976,272,64,32,16,16,0,1,1,4294967295
bgBasic,976,288,64,32,16,16,0,1,1,4294967295
bgBasic,976,304,64,32,16,16,0,1,1,4294967295
bgBasic,976,320,64,32,16,16,0,1,1,4294967295
bgBasic,960,320,64,32,16,16,0,1,1,4294967295
bgBasic,960,304,64,32,16,16,0,1,1,4294967295
bgBasic,960,288,64,32,16,16,0,1,1,4294967295
bgBasic,960,272,64,32,16,16,0,1,1,4294967295
bgBasic,960,256,64,32,16,16,0,1,1,4294967295
bgBasic,528,752,96,48,32,16,0,1,1,4294967295
bgBasic,688,752,96,48,32,16,0,1,1,4294967295
bgBasic,384,848,96,48,32,16,0,1,1,4294967295
bgBasic,384,800,96,64,32,16,0,1,1,4294967295
bgBasic,608,848,96,48,32,16,0,1,1,4294967295
bgBasic,496,848,96,48,32,16,0,1,1,4294967295
bgBasic,688,704,96,64,32,16,0,1,1,4294967295
bgBasic,528,704,96,64,32,16,0,1,1,4294967295
bgBasic,464,704,96,64,32,16,0,1,1,4294967295
bgBasic,496,800,96,64,32,16,0,1,1,4294967295
bgBasic,608,800,96,64,32,16,0,1,1,4294967295
bgBasic,816,832,64,32,16,16,0,1,1,4294967295
bgBasic,976,832,64,32,16,16,0,1,1,4294967295
bgBasic,800,832,64,32,16,16,0,1,1,4294967295
bgBasic,1312,752,64,32,16,16,0,1,1,4294967295
bgBasic,1168,752,64,32,16,16,0,1,1,4294967295
bgBasic,464,752,96,48,32,16,0,1,1,4294967295
bgBasic,720,848,64,32,16,16,0,1,1,4294967295
bgBasic,736,848,64,32,16,16,0,1,1,4294967295
bgBasic,752,848,64,32,16,16,0,1,1,4294967295
bgBasic,736,736,64,32,16,16,0,1,1,4294967295
bgBasic,736,720,64,32,16,16,0,1,1,4294967295
bgBasic,736,704,64,32,16,16,0,1,1,4294967295
bgBasic,752,704,64,32,16,16,0,1,1,4294967295
bgBasic,752,720,64,32,16,16,0,1,1,4294967295
bgBasic,496,752,64,32,16,16,0,1,1,4294967295
bgBasic,496,736,64,32,16,16,0,1,1,4294967295
bgBasic,496,720,64,32,16,16,0,1,1,4294967295
bgBasic,496,704,64,32,16,16,0,1,1,4294967295
bgBasic,288,848,64,32,16,16,0,1,1,4294967295
bgBasic,304,848,64,32,16,16,0,1,1,4294967295
bgBasic,320,848,64,32,16,16,0,1,1,4294967295
bgBasic,336,848,64,32,16,16,0,1,1,4294967295
bgBasic,512,704,64,32,16,16,0,1,1,4294967295
bgBasic,512,720,64,32,16,16,0,1,1,4294967295
bgBasic,512,736,64,32,16,16,0,1,1,4294967295
bgBasic,512,752,64,32,16,16,0,1,1,4294967295
bgBasic,352,848,64,32,16,16,0,1,1,4294967295
bgBasic,368,848,64,32,16,16,0,1,1,4294967295
bgBasic,416,848,64,32,16,16,0,1,1,4294967295
bgBasic,432,848,64,32,16,16,0,1,1,4294967295
bgBasic,448,848,64,32,16,16,0,1,1,4294967295
bgBasic,464,848,64,32,16,16,0,1,1,4294967295
bgBasic,480,848,64,32,16,16,0,1,1,4294967295
bgBasic,528,848,64,32,16,16,0,1,1,4294967295
bgBasic,544,848,64,32,16,16,0,1,1,4294967295
bgBasic,560,848,64,32,16,16,0,1,1,4294967295
bgBasic,576,848,64,32,16,16,0,1,1,4294967295
bgBasic,592,848,64,32,16,16,0,1,1,4294967295
bgBasic,640,848,64,32,16,16,0,1,1,4294967295
bgBasic,656,848,64,32,16,16,0,1,1,4294967295
bgBasic,704,848,64,32,16,16,0,1,1,4294967295
bgBasic,688,848,64,32,16,16,0,1,1,4294967295
bgBasic,672,848,64,32,16,16,0,1,1,4294967295
bgBasic,560,752,64,32,16,16,0,1,1,4294967295
bgBasic,576,752,64,32,16,16,0,1,1,4294967295
bgBasic,672,752,64,32,16,16,0,1,1,4294967295
bgBasic,656,752,64,32,16,16,0,1,1,4294967295
bgBasic,720,704,64,32,16,16,0,1,1,4294967295
bgBasic,720,720,64,32,16,16,0,1,1,4294967295
bgBasic,720,736,64,32,16,16,0,1,1,4294967295
bgBasic,720,752,64,32,16,16,0,1,1,4294967295
bgBasic,432,752,64,32,16,16,0,1,1,4294967295
bgBasic,448,752,64,32,16,16,0,1,1,4294967295
bgBasic,368,800,64,32,16,16,0,1,1,4294967295
bgBasic,416,800,64,32,16,16,0,1,1,4294967295
bgBasic,528,800,64,32,16,16,0,1,1,4294967295
bgBasic,640,800,64,32,16,16,0,1,1,4294967295
bgBasic,336,704,64,32,16,16,0,1,1,4294967295
bgBasic,352,704,64,32,16,16,0,1,1,4294967295
bgBasic,368,704,64,32,16,16,0,1,1,4294967295
bgBasic,384,704,64,32,16,16,0,1,1,4294967295
bgBasic,400,704,64,32,16,16,0,1,1,4294967295
bgBasic,416,704,64,32,16,16,0,1,1,4294967295
bgBasic,432,704,64,32,16,16,0,1,1,4294967295
bgBasic,448,704,64,32,16,16,0,1,1,4294967295
bgBasic,560,704,64,32,16,16,0,1,1,4294967295
bgBasic,576,704,64,32,16,16,0,1,1,4294967295
bgBasic,592,704,64,32,16,16,0,1,1,4294967295
bgBasic,608,704,64,32,16,16,0,1,1,4294967295
bgBasic,624,704,64,32,16,16,0,1,1,4294967295
bgBasic,640,704,64,32,16,16,0,1,1,4294967295
bgBasic,656,704,64,32,16,16,0,1,1,4294967295
bgBasic,672,704,64,32,16,16,0,1,1,4294967295
bgBasic,592,800,64,32,16,16,0,1,1,4294967295
bgBasic,480,800,64,32,16,16,0,1,1,4294967295
bgBasic,832,1232,48,32,16,16,0,1,1,4294967295
bgBasic,848,1232,48,32,16,16,0,1,1,4294967295
bgBasic,864,1232,48,32,16,16,0,1,1,4294967295
bgBasic,880,1232,48,32,16,16,0,1,1,4294967295
bgBasic,896,1232,48,32,16,16,0,1,1,4294967295
bgBasic,912,1232,48,32,16,16,0,1,1,4294967295
bgBasic,928,1232,48,32,16,16,0,1,1,4294967295
bgBasic,944,1232,48,32,16,16,0,1,1,4294967295
bgBasic,944,1248,48,32,16,16,0,1,1,4294967295
bgBasic,960,1280,48,32,16,16,0,1,1,4294967295
bgBasic,976,1280,48,32,16,16,0,1,1,4294967295
bgBasic,976,1264,48,32,16,16,0,1,1,4294967295
bgBasic,960,1264,48,32,16,16,0,1,1,4294967295
bgBasic,944,1264,48,32,16,16,0,1,1,4294967295
bgBasic,944,1280,48,32,16,16,0,1,1,4294967295
bgBasic,928,1280,48,32,16,16,0,1,1,4294967295
bgBasic,912,1280,48,32,16,16,0,1,1,4294967295
bgBasic,896,1280,48,32,16,16,0,1,1,4294967295
bgBasic,880,1280,48,32,16,16,0,1,1,4294967295
bgBasic,864,1280,48,32,16,16,0,1,1,4294967295
bgBasic,848,1280,48,32,16,16,0,1,1,4294967295
bgBasic,832,1280,48,32,16,16,0,1,1,4294967295
bgBasic,816,1280,48,32,16,16,0,1,1,4294967295
bgBasic,800,1280,48,32,16,16,0,1,1,4294967295
bgBasic,800,1264,48,32,16,16,0,1,1,4294967295
bgBasic,816,1264,48,32,16,16,0,1,1,4294967295
bgBasic,832,1264,48,32,16,16,0,1,1,4294967295
bgBasic,848,1264,48,32,16,16,0,1,1,4294967295
bgBasic,864,1264,48,32,16,16,0,1,1,4294967295
bgBasic,880,1264,48,32,16,16,0,1,1,4294967295
bgBasic,896,1264,48,32,16,16,0,1,1,4294967295
bgBasic,912,1264,48,32,16,16,0,1,1,4294967295
bgBasic,928,1264,48,32,16,16,0,1,1,4294967295
bgBasic,928,1248,48,32,16,16,0,1,1,4294967295
bgBasic,912,1248,48,32,16,16,0,1,1,4294967295
bgBasic,896,1248,48,32,16,16,0,1,1,4294967295
bgBasic,880,1248,48,32,16,16,0,1,1,4294967295
bgBasic,864,1248,48,32,16,16,0,1,1,4294967295
bgBasic,848,1248,48,32,16,16,0,1,1,4294967295
bgBasic,832,1248,48,32,16,16,0,1,1,4294967295
bgBasic,320,704,64,32,16,16,0,1,1,4294967295
bgBasic,1504,800,64,32,16,16,0,1,1,4294967295
bgBasic,1504,816,64,32,16,16,0,1,1,4294967295
bgBasic,1504,832,64,32,16,16,0,1,1,4294967295
bgBasic,1504,848,64,32,16,16,0,1,1,4294967295
bgBasic,960,432,64,32,16,16,0,1,1,4294967295
bgBasic,944,432,64,32,16,16,0,1,1,4294967295
bgBasic,928,432,64,32,16,16,0,1,1,4294967295
bgBasic,912,432,64,32,16,16,0,1,1,4294967295
bgBasic,848,432,64,32,16,16,0,1,1,4294967295
bgBasic,832,432,64,32,16,16,0,1,1,4294967295
bgBasic,864,432,64,32,16,16,0,1,1,4294967295
bgBasic,832,448,64,32,16,16,0,1,1,4294967295
bgBasic,816,448,64,32,16,16,0,1,1,4294967295
bgBasic,816,432,64,32,16,16,0,1,1,4294967295
bgBasic,944,448,64,32,16,16,0,1,1,4294967295
bgBasic,960,448,64,32,16,16,0,1,1,4294967295
bgBasic,976,432,48,0,16,16,0,1,1,4294967295
bgBasic,976,448,48,0,16,16,0,1,1,4294967295
bgBasic,976,464,48,0,16,16,0,1,1,4294967295
bgBasic,976,480,48,0,16,16,0,1,1,4294967295
bgBasic,800,480,48,0,16,16,0,1,1,4294967295
bgBasic,800,464,48,0,16,16,0,1,1,4294967295
bgBasic,800,448,48,0,16,16,0,1,1,4294967295
bgBasic,800,432,48,0,16,16,0,1,1,4294967295
bgBasic,800,1040,96,64,32,16,0,1,1,4294967295
bgBasic,800,1088,96,48,32,16,0,1,1,4294967295
bgBasic,800,1024,64,32,16,16,0,1,1,4294967295
bgBasic,816,1024,64,32,16,16,0,1,1,4294967295
bgBasic,960,1040,96,64,32,16,0,1,1,4294967295
bgBasic,960,1088,96,48,32,16,0,1,1,4294967295
bgBasic,960,1024,64,32,16,16,0,1,1,4294967295
bgBasic,976,1024,64,32,16,16,0,1,1,4294967295
bgBasic,1472,848,96,48,32,16,0,1,1,4294967295
bgBasic,1472,800,96,64,32,16,0,1,1,4294967295
bgBasic,320,752,64,32,16,16,0,1,1,4294967295
bgBasic,336,752,64,32,16,16,0,1,1,4294967295
bgBasic,288,752,96,48,32,16,0,1,1,4294967295
bgBasic,288,704,96,64,32,16,0,1,1,4294967295
