objNPC,896,624,C2BC6BC4,0,1,1,4294967295,0
objDefaultSpawn,912,816,,0,1,1,4294967295,0
objSolid,0,0,,0,1,1,4294967295,0
objSolid,16,0,,0,1,1,4294967295,0
objSolid,32,0,,0,1,1,4294967295,0
objSolid,32,16,,0,1,1,4294967295,0
objSolid,16,16,,0,1,1,4294967295,0
objSolid,0,16,,0,1,1,4294967295,0
objSolid,0,32,,0,1,1,4294967295,0
objSolid,16,32,,0,1,1,4294967295,0
objSolid,32,32,,0,1,1,4294967295,0
objSolid,32,48,,0,1,1,4294967295,0
objSolid,16,48,,0,1,1,4294967295,0
objSolid,0,48,,0,1,1,4294967295,0
objSolid,0,64,,0,1,1,4294967295,0
objSolid,0,80,,0,1,1,4294967295,0
objSolid,16,80,,0,1,1,4294967295,0
objSolid,16,64,,0,1,1,4294967295,0
objSolid,64,32,,0,1,1,4294967295,0
objSolid,64,48,,0,1,1,4294967295,0
objSolid,64,64,,0,1,1,4294967295,0
objSolid,64,80,,0,1,1,4294967295,0
objSolid,96,64,,0,1,1,4294967295,0
objSolid,112,64,,0,1,1,4294967295,0
objSolid,112,48,,0,1,1,4294967295,0
objSolid,96,48,,0,1,1,4294967295,0
objSolid,64,16,,0,1,1,4294967295,0
objSolid,64,0,,0,1,1,4294967295,0
objSolid,80,0,,0,1,1,4294967295,0
objSolid,80,16,,0,1,1,4294967295,0
objLadder,48,0,,0,1,1,4294967295,0
objSpike,48,16,,0,1,1,4294967295,0
objWater,80,32,,0,1,1,4294967295,0
objWater,80,48,,0,1,1,4294967295,0
objObjectSetter,0,0,,0,1,1,4294967295,0
objSign,848,1200,69C62049,0,1,1,4294967295,0
objSign,944,1200,C15A38AB,0,1,1,4294967295,0
objSign,848,1280,55786177,0,1,1,4294967295,0
objSign,944,1280,954D8DDA,0,1,1,4294967295,0
objSign,848,976,7021D73D,0,1,1,4294967295,0
objSign,944,976,2E568357,0,1,1,4294967295,0
objSign,944,576,513F2225,0,1,1,4294967295,0
objSign,1040,832,EEDA5AA6,0,1,1,4294967295,0
objSign,1184,832,93809625,0,1,1,4294967295,0
objSign,1328,832,356AC917,0,1,1,4294967295,0
objSign,1408,736,618E92B0,0,1,1,4294967295,0
objSign,1264,736,4633FC3D,0,1,1,4294967295,0
objSign,1120,736,9C4C6DE4,0,1,1,4294967295,0
objSign,960,480,C1188141,0,1,1,4294967295,0
objSign,848,576,5DA7281C,0,1,1,4294967295,0
objSign,832,480,19A6FF8C,0,1,1,4294967295,0
objSign,944,368,AA18A2A7,0,1,1,4294967295,0
objSign,896,320,915B4435,0,1,1,4294967295,0
objSign,848,368,708A35EC,0,1,1,4294967295,0
objSign,432,832,8D27148D,0,1,1,4294967295,0
objSign,576,736,CB5C4147,0,1,1,4294967295,0
objSign,672,736,EE6396D6,0,1,1,4294967295,0
objSign,448,736,6C5BDA44,0,1,1,4294967295,0
objSign,544,832,539FFCF4,0,1,1,4294967295,0
objSign,656,832,C3FCB57C,0,1,1,4294967295,0
objStopScrollingHorizontal,256,672,,0,1,1,4294967295,0
objStopScrollingHorizontal,768,896,,0,1,1,4294967295,0
objStopScrollingHorizontal,768,1120,,0,1,1,4294967295,0
objStopScrollingHorizontal,1024,1120,,0,1,1,4294967295,0
objStopScrollingHorizontal,1024,896,,0,1,1,4294967295,0
objStopScrollingHorizontal,1536,672,,0,1,1,4294967295,0
objStopScrollingHorizontal,1024,224,,0,1,1,4294967295,0
objStopScrollingHorizontal,1024,448,,0,1,1,4294967295,0
objStopScrollingHorizontal,768,224,,0,1,1,4294967295,0
objStopScrollingHorizontal,768,448,,0,1,1,4294967295,0
objSectionFreeVerticalScrolling,768,1120,,0,1,1,4294967295,0
objVerticalScrolling,768,896,,0,1,1,4294967295,0
objVerticalScrolling,768,672,,0,1,1,4294967295,0
objTeleporter,704,736,981FFBF5,0,1,1,4294967295,0
objTeleporter,544,736,3A8FD11D,0,1,1,4294967295,0
objTeleporter,480,736,10A8267E,0,1,1,4294967295,0
objTeleporter,400,832,E33BBD54,0,1,1,4294967295,0
objTeleporter,512,832,847693E0,0,1,1,4294967295,0
objTeleporter,624,832,FF1F7EDC,0,1,1,4294967295,0
objTeleporter,1072,832,D892D893,0,1,1,4294967295,0
objTeleporter,1152,736,E6142B47,0,1,1,4294967295,0
objTeleporter,1216,832,ABB1929C,0,1,1,4294967295,0
objTeleporter,1296,736,771D29D3,0,1,1,4294967295,0
objTeleporter,1360,832,5FF93980,0,1,1,4294967295,0
objTeleporter,1440,736,C87D245A,0,1,1,4294967295,0
objTeleporter,928,480,D3C3A5B1,0,1,1,4294967295,0
objTeleporter,816,576,223B9EF9,0,1,1,4294967295,0
objTeleporter,864,480,2CB23818,0,1,1,4294967295,0
objTeleporter,976,368,5DB9E966,0,1,1,4294967295,0
objTeleporter,816,368,E764D570,0,1,1,4294967295,0
objTeleporter,896,272,37964D0B,0,1,1,4294967295,0
objTeleporter,976,976,56F7ACDD,0,1,1,4294967295,0
objTeleporter,816,976,B8A20E70,0,1,1,4294967295,0
objTeleporter,976,576,24CBCBE1,0,1,1,4294967295,0
objTeleporter,816,1200,A493BA16,0,1,1,4294967295,0
objTeleporter,976,1200,903F6366,0,1,1,4294967295,0
objTeleporter,816,1280,FAD255A6,0,1,1,4294967295,0
objTeleporter,976,1280,506B33CD,0,1,1,4294967295,0
objWater,48,32,,0,1,1,4294967295,0
objVerticalScrolling,768,448,,0,1,1,4294967295,0
objTeleporter,816,1072,CC6E0003,0,1,1,4294967295,0
objSign,848,1072,A5124884,0,1,1,4294967295,0
objTeleporter,976,1072,2A61ABD8,0,1,1,4294967295,0
objSign,944,1072,41A2EDB2,0,1,1,4294967295,0
objTeleporter,1488,832,722AD7A1,0,1,1,4294967295,0
objSign,1456,832,831C81AC,0,1,1,4294967295,0
objSign,336,736,C3027D4E,0,1,1,4294967295,0
objMTank,944,816,,0,1,1,4294967295,0
objYashichi,816,816,,0,1,1,4294967295,0
objETank,960,816,,0,1,1,4294967295,0
objWTank,976,816,,0,1,1,4294967295,0
objSign,880,816,90EA1CA7,0,1,1,4294967295,0
objTeleporter,304,736,4B584AE5,0,1,1,4294967295,0
objSign,320,832,87BEF046,0,1,1,4294967295,0
