tstStageSelect,0,0,0,32,16,16,0,1,1,4294967295
tstStageSelect,16,0,0,32,16,16,0,1,1,4294967295
tstStageSelect,32,0,0,32,16,16,0,1,1,4294967295
tstStageSelect,48,0,0,32,16,16,0,1,1,4294967295
tstStageSelect,64,0,0,32,16,16,0,1,1,4294967295
tstStageSelect,80,0,0,32,16,16,0,1,1,4294967295
tstStageSelect,96,0,0,32,16,16,0,1,1,4294967295
tstStageSelect,112,0,0,32,16,16,0,1,1,4294967295
tstStageSelect,128,0,0,32,16,16,0,1,1,4294967295
tstStageSelect,144,0,0,32,16,16,0,1,1,4294967295
tstStageSelect,160,0,0,32,16,16,0,1,1,4294967295
tstStageSelect,176,0,0,32,16,16,0,1,1,4294967295
tstStageSelect,192,0,0,32,16,16,0,1,1,4294967295
tstStageSelect,208,0,0,32,16,16,0,1,1,4294967295
tstStageSelect,224,0,0,32,16,16,0,1,1,4294967295
tstStageSelect,240,0,0,32,16,16,0,1,1,4294967295
tstStageSelect,0,208,0,32,16,16,0,1,1,4294967295
tstStageSelect,16,208,0,32,16,16,0,1,1,4294967295
tstStageSelect,32,208,0,32,16,16,0,1,1,4294967295
tstStageSelect,48,208,0,32,16,16,0,1,1,4294967295
tstStageSelect,48,192,0,32,16,16,0,1,1,4294967295
tstStageSelect,32,192,0,32,16,16,0,1,1,4294967295
tstStageSelect,16,192,0,32,16,16,0,1,1,4294967295
tstStageSelect,0,192,0,32,16,16,0,1,1,4294967295
tstStageSelect,224,192,0,32,16,16,0,1,1,4294967295
tstStageSelect,240,192,0,32,16,16,0,1,1,4294967295
tstStageSelect,240,208,0,32,16,16,0,1,1,4294967295
tstStageSelect,224,208,0,32,16,16,0,1,1,4294967295
tstStageSelect,208,208,0,32,16,16,0,1,1,4294967295
tstStageSelect,208,192,0,32,16,16,0,1,1,4294967295
tstStageSelect,192,192,0,32,16,16,0,1,1,4294967295
tstStageSelect,192,208,0,32,16,16,0,1,1,4294967295
tstStageSelect,64,208,32,0,48,16,0,1,1,4294967295
tstStageSelect,144,208,32,0,48,16,0,1,1,4294967295
tstStageSelect,128,208,0,32,16,16,0,1,1,4294967295
tstStageSelect,112,208,0,32,16,16,0,1,1,4294967295
tstStageSelect,64,192,0,32,16,16,0,1,1,4294967295
tstStageSelect,80,192,0,32,16,16,0,1,1,4294967295
tstStageSelect,96,192,0,32,16,16,0,1,1,4294967295
tstStageSelect,112,192,0,32,16,16,0,1,1,4294967295
tstStageSelect,128,192,0,32,16,16,0,1,1,4294967295
tstStageSelect,144,192,0,32,16,16,0,1,1,4294967295
tstStageSelect,160,192,0,32,16,16,0,1,1,4294967295
tstStageSelect,176,192,0,32,16,16,0,1,1,4294967295
tstStageSelect,0,24,8,0,24,32,0,1,1,4294967295
tstStageSelect,0,88,8,0,24,32,0,1,1,4294967295
tstStageSelect,0,152,8,0,24,32,0,1,1,4294967295
tstStageSelect,232,24,0,0,24,32,0,1,1,4294967295
tstStageSelect,232,88,0,0,24,32,0,1,1,4294967295
tstStageSelect,232,152,0,0,24,32,0,1,1,4294967295
tstStageSelect,24,16,32,0,48,48,0,1,1,4294967295
tstStageSelect,24,80,32,0,48,48,0,1,1,4294967295
tstStageSelect,24,144,32,0,48,48,0,1,1,4294967295
tstStageSelect,184,144,32,0,48,48,0,1,1,4294967295
tstStageSelect,184,80,32,0,48,48,0,1,1,4294967295
tstStageSelect,184,16,32,0,48,48,0,1,1,4294967295
tstStageSelect,240,16,0,32,16,8,0,1,1,4294967295
tstStageSelect,240,80,0,32,16,8,0,1,1,4294967295
tstStageSelect,240,144,0,32,16,8,0,1,1,4294967295
tstStageSelect,240,184,0,32,16,8,0,1,1,4294967295
tstStageSelect,0,184,0,32,16,8,0,1,1,4294967295
tstStageSelect,0,120,0,32,16,8,0,1,1,4294967295
tstStageSelect,0,56,0,32,16,8,0,1,1,4294967295
tstStageSelect,0,16,0,32,16,8,0,1,1,4294967295
tstStageSelect,0,144,0,32,16,8,0,1,1,4294967295
tstStageSelect,0,128,0,32,16,16,0,1,1,4294967295
tstStageSelect,16,128,0,32,16,16,0,1,1,4294967295
tstStageSelect,32,128,0,32,16,16,0,1,1,4294967295
tstStageSelect,48,128,0,32,16,16,0,1,1,4294967295
tstStageSelect,64,128,0,32,16,16,0,1,1,4294967295
tstStageSelect,80,128,0,32,16,16,0,1,1,4294967295
tstStageSelect,96,128,0,32,16,16,0,1,1,4294967295
tstStageSelect,112,128,0,32,16,16,0,1,1,4294967295
tstStageSelect,128,128,0,32,16,16,0,1,1,4294967295
tstStageSelect,144,128,0,32,16,16,0,1,1,4294967295
tstStageSelect,160,128,0,32,16,16,0,1,1,4294967295
tstStageSelect,176,128,0,32,16,16,0,1,1,4294967295
tstStageSelect,192,128,0,32,16,16,0,1,1,4294967295
tstStageSelect,208,128,0,32,16,16,0,1,1,4294967295
tstStageSelect,224,128,0,32,16,16,0,1,1,4294967295
tstStageSelect,240,128,0,32,16,16,0,1,1,4294967295
tstStageSelect,0,64,0,32,16,16,0,1,1,4294967295
tstStageSelect,16,64,0,32,16,16,0,1,1,4294967295
tstStageSelect,32,64,0,32,16,16,0,1,1,4294967295
tstStageSelect,48,64,0,32,16,16,0,1,1,4294967295
tstStageSelect,64,64,0,32,16,16,0,1,1,4294967295
tstStageSelect,80,64,0,32,16,16,0,1,1,4294967295
tstStageSelect,96,64,0,32,16,16,0,1,1,4294967295
tstStageSelect,112,64,0,32,16,16,0,1,1,4294967295
tstStageSelect,128,64,0,32,16,16,0,1,1,4294967295
tstStageSelect,144,64,0,32,16,16,0,1,1,4294967295
tstStageSelect,160,64,0,32,16,16,0,1,1,4294967295
tstStageSelect,176,64,0,32,16,16,0,1,1,4294967295
tstStageSelect,192,64,0,32,16,16,0,1,1,4294967295
tstStageSelect,208,64,0,32,16,16,0,1,1,4294967295
tstStageSelect,224,64,0,32,16,16,0,1,1,4294967295
tstStageSelect,240,64,0,32,16,16,0,1,1,4294967295
tstStageSelect,72,24,0,0,32,32,0,1,1,4294967295
tstStageSelect,152,24,0,0,32,32,0,1,1,4294967295
tstStageSelect,72,88,0,0,32,32,0,1,1,4294967295
tstStageSelect,152,88,0,0,32,32,0,1,1,4294967295
tstStageSelect,72,152,0,0,32,32,0,1,1,4294967295
tstStageSelect,152,152,0,0,32,32,0,1,1,4294967295
tstStageSelect,104,16,32,0,48,48,0,1,1,4294967295
tstStageSelect,104,80,32,0,48,48,0,1,1,4294967295
tstStageSelect,104,144,32,0,48,48,0,1,1,4294967295
tstStageSelect,16,16,8,32,8,8,0,1,1,4294967295
tstStageSelect,16,56,8,32,8,8,0,1,1,4294967295
tstStageSelect,16,80,8,32,8,8,0,1,1,4294967295
tstStageSelect,16,120,8,32,8,8,0,1,1,4294967295
tstStageSelect,16,144,8,32,8,8,0,1,1,4294967295
tstStageSelect,16,184,8,32,8,8,0,1,1,4294967295
tstStageSelect,232,144,8,32,8,8,0,1,1,4294967295
tstStageSelect,232,184,8,32,8,8,0,1,1,4294967295
tstStageSelect,232,120,8,32,8,8,0,1,1,4294967295
tstStageSelect,232,80,8,32,8,8,0,1,1,4294967295
tstStageSelect,232,16,8,32,8,8,0,1,1,4294967295
tstStageSelect,232,56,8,32,8,8,0,1,1,4294967295
tstStageSelect,240,56,0,32,16,8,0,1,1,4294967295
tstStageSelect,240,120,0,32,16,8,0,1,1,4294967295
tstStageSelect,72,16,0,32,16,8,0,1,1,4294967295
tstStageSelect,88,16,0,32,16,8,0,1,1,4294967295
tstStageSelect,72,56,0,32,16,8,0,1,1,4294967295
tstStageSelect,88,56,0,32,16,8,0,1,1,4294967295
tstStageSelect,0,80,0,32,16,8,0,1,1,4294967295
tstStageSelect,72,80,0,32,16,8,0,1,1,4294967295
tstStageSelect,88,80,0,32,16,8,0,1,1,4294967295
tstStageSelect,72,120,0,32,16,8,0,1,1,4294967295
tstStageSelect,88,120,0,32,16,8,0,1,1,4294967295
tstStageSelect,72,144,0,32,16,8,0,1,1,4294967295
tstStageSelect,88,144,0,32,16,8,0,1,1,4294967295
tstStageSelect,72,184,0,32,16,8,0,1,1,4294967295
tstStageSelect,88,184,0,32,16,8,0,1,1,4294967295
tstStageSelect,152,184,0,32,16,8,0,1,1,4294967295
tstStageSelect,168,184,0,32,16,8,0,1,1,4294967295
tstStageSelect,152,144,0,32,16,8,0,1,1,4294967295
tstStageSelect,168,144,0,32,16,8,0,1,1,4294967295
tstStageSelect,152,120,0,32,16,8,0,1,1,4294967295
tstStageSelect,168,120,0,32,16,8,0,1,1,4294967295
tstStageSelect,152,80,0,32,16,8,0,1,1,4294967295
tstStageSelect,168,80,0,32,16,8,0,1,1,4294967295
tstStageSelect,152,16,0,32,16,8,0,1,1,4294967295
tstStageSelect,168,16,0,32,16,8,0,1,1,4294967295
tstStageSelect,152,56,0,32,16,8,0,1,1,4294967295
tstStageSelect,168,56,0,32,16,8,0,1,1,4294967295
