tstMM10Lab,0,160,0,0,32,16,0,1,1,4294967295
tstMM10Lab,32,160,32,0,16,16,0,1,1,4294967295
tstMM10Lab,48,160,0,0,32,16,0,1,1,4294967295
tstMM10Lab,96,160,0,0,32,16,0,1,1,4294967295
tstMM10Lab,144,160,0,0,32,16,0,1,1,4294967295
tstMM10Lab,192,160,0,0,32,16,0,1,1,4294967295
tstMM10Lab,240,160,0,0,16,16,0,1,1,4294967295
tstMM10Lab,80,160,32,0,16,16,0,1,1,4294967295
tstMM10Lab,128,160,32,0,16,16,0,1,1,4294967295
tstMM10Lab,176,160,32,0,16,16,0,1,1,4294967295
tstMM10Lab,224,160,32,0,16,16,0,1,1,4294967295
tstMM10Lab,96,112,176,112,64,48,0,1,1,4294967295
tstMM10Lab,0,144,144,176,64,16,0,1,1,4294967295
tstMM10Lab,0,128,208,160,48,16,0,1,1,4294967295
tstMM10Lab,80,0,112,0,96,16,0,1,1,4294967295
tstMM10Lab,32,0,48,0,48,16,0,1,1,4294967295
tstMM10Lab,176,0,48,0,48,16,0,1,1,4294967295
tstMM10Lab,16,0,96,0,16,16,0,1,1,4294967295
tstMM10Lab,224,0,208,0,16,16,0,1,1,4294967295
tstMM10Lab,16,16,160,48,16,32,0,1,1,4294967295
tstMM10Lab,224,112,256,112,16,16,0,1,1,4294967295
tstMM10Lab,224,128,160,128,16,16,0,1,1,4294967295
tstMM10Lab,224,144,160,128,16,16,0,1,1,4294967295
tstMM10Lab,176,128,208,176,16,16,0,1,1,4294967295
tstMM10Lab,208,128,208,176,16,16,0,1,1,4294967295
tstMM10Lab,192,128,272,160,16,16,0,1,1,4294967295
tstMM10Lab,160,128,272,160,16,16,0,1,1,4294967295
tstMM10Lab,160,144,272,176,16,16,0,1,1,4294967295
tstMM10Lab,176,144,272,176,16,16,0,1,1,4294967295
tstMM10Lab,192,144,272,176,16,16,0,1,1,4294967295
tstMM10Lab,208,144,272,176,16,16,0,1,1,4294967295
tstMM10Lab,240,112,240,64,16,48,0,1,1,4294967295
tstMM10Lab,224,16,256,48,16,32,0,1,1,4294967295
tstMM10Lab,224,96,256,64,16,16,0,1,1,4294967295
tstMM10Lab,0,32,144,64,16,16,0,1,1,4294967295
tstMM10Lab,240,32,144,64,16,16,0,1,1,4294967295
tstMM10Lab,0,16,128,48,16,16,0,1,1,4294967295
tstMM10Lab,240,16,128,48,16,16,0,1,1,4294967295
tstMM10Lab,0,0,144,48,16,16,0,1,1,4294967295
tstMM10Lab,240,0,144,48,16,16,0,1,1,4294967295
tstMM10Lab,0,48,144,80,32,32,0,1,1,4294967295
tstMM10Lab,16,80,160,64,16,16,0,1,1,4294967295
tstMM10Lab,16,96,240,128,32,32,0,1,1,4294967295
tstMM10Lab,48,96,256,128,16,16,0,1,1,4294967295
tstMM10Lab,64,96,256,128,16,16,0,1,1,4294967295
tstMM10Lab,80,96,272,128,16,32,0,1,1,4294967295
tstMM10Lab,48,112,256,144,16,16,0,1,1,4294967295
tstMM10Lab,64,112,256,144,16,16,0,1,1,4294967295
tstMM10Lab,224,48,256,80,32,32,0,1,1,4294967295
tstMM10Lab,240,80,144,144,16,16,0,1,1,4294967295
tstMM10Lab,0,80,144,144,16,16,0,1,1,4294967295
tstMM10Lab,240,96,272,64,16,16,0,1,1,4294967295
tstMM10Lab,0,112,272,64,16,16,0,1,1,4294967295
tstMM10Lab,0,96,272,64,16,16,0,1,1,4294967295
tstMM10Lab,48,128,256,160,16,16,0,1,1,4294967295
tstMM10Lab,64,128,272,160,16,16,0,1,1,4294967295
tstMM10Lab,80,128,272,160,16,16,0,1,1,4294967295
tstMM10Lab,80,144,272,176,16,16,0,1,1,4294967295
tstMM10Lab,64,144,272,176,16,16,0,1,1,4294967295
tstMM10Lab,160,112,240,112,16,16,0,1,1,4294967295
tstMM10Lab,176,112,240,112,16,16,0,1,1,4294967295
tstMM10Lab,192,112,240,112,16,16,0,1,1,4294967295
tstMM10Lab,208,112,240,112,16,16,0,1,1,4294967295
tstMM10Lab,224,80,256,64,16,16,0,1,1,4294967295
